-2.290994 3.000000 3.000000 1.290994 0.000000 
-1.290994 3.000000 3.000000 1.290994 0.000000 
-1.290429 2.999015 2.998358 1.290853 0.000424 
-1.289864 2.998030 2.996717 1.290712 0.000848 
-1.289298 2.997045 2.995077 1.290570 0.001272 
-1.288733 2.996061 2.993437 1.290429 0.001696 
-1.288168 2.995076 2.991798 1.290288 0.002120 
-1.287603 2.994092 2.990160 1.290146 0.002544 
-1.287037 2.993108 2.988523 1.290005 0.002968 
-1.286472 2.992125 2.986886 1.289864 0.003392 
-1.285907 2.991141 2.985250 1.289722 0.003816 
-1.285341 2.990158 2.983615 1.289581 0.004240 
-1.284776 2.989175 2.981980 1.289440 0.004664 
-1.284211 2.988192 2.980346 1.289298 0.005088 
-1.283645 2.987210 2.978713 1.289157 0.005512 
-1.283080 2.986227 2.977081 1.289016 0.005936 
-1.282515 2.985245 2.975449 1.288875 0.006360 
-1.281949 2.984263 2.973818 1.288733 0.006784 
-1.281384 2.983282 2.972188 1.288592 0.007208 
-1.280819 2.982300 2.970558 1.288451 0.007632 
-1.280253 2.981319 2.968930 1.288309 0.008056 
-1.279688 2.980338 2.967301 1.288168 0.008480 
-1.279123 2.979357 2.965674 1.288027 0.008904 
-1.278557 2.978376 2.964047 1.287885 0.009328 
-1.277992 2.977396 2.962421 1.287744 0.009752 
-1.277427 2.976416 2.960796 1.287603 0.010176 
-1.276861 2.975436 2.959172 1.287461 0.010600 
-1.276296 2.974456 2.957548 1.287320 0.011024 
-1.275731 2.973476 2.955925 1.287179 0.011448 
-1.275166 2.972497 2.954302 1.287037 0.011872 
-1.274600 2.971518 2.952680 1.286896 0.012296 
-1.274035 2.970539 2.951059 1.286755 0.012720 
-1.273470 2.969560 2.949439 1.286613 0.013144 
-1.272904 2.968582 2.947820 1.286472 0.013568 
-1.272339 2.967604 2.946201 1.286331 0.013992 
-1.271774 2.966626 2.944583 1.286189 0.014416 
-1.271208 2.965648 2.942965 1.286048 0.014840 
-1.270643 2.964670 2.941348 1.285907 0.015264 
-1.270078 2.963693 2.939732 1.285765 0.015688 
-1.269512 2.962716 2.938117 1.285624 0.016112 
-1.268947 2.961739 2.936503 1.285483 0.016536 
-1.268382 2.960762 2.934889 1.285341 0.016960 
-1.267816 2.959785 2.933275 1.285200 0.017384 
-1.267251 2.958809 2.931663 1.285059 0.017808 
-1.266686 2.957833 2.930051 1.284917 0.018232 
-1.266120 2.956857 2.928440 1.284776 0.018656 
-1.265555 2.955881 2.926830 1.284635 0.019080 
-1.264990 2.954906 2.925220 1.284493 0.019504 
-1.264424 2.953931 2.923611 1.284352 0.019927 
-1.263859 2.952956 2.922003 1.284211 0.020351 
-1.263294 2.951981 2.920396 1.284069 0.020775 
-1.262729 2.951006 2.918789 1.283928 0.021199 
-1.262163 2.950032 2.917183 1.283787 0.021623 
-1.261598 2.949057 2.915577 1.283645 0.022047 
-1.261033 2.948084 2.913973 1.283504 0.022471 
-1.260467 2.947110 2.912369 1.283363 0.022895 
-1.259902 2.946136 2.910765 1.283221 0.023319 
-1.259337 2.945163 2.909163 1.283080 0.023743 
-1.258771 2.944190 2.907561 1.282939 0.024167 
-1.258206 2.943217 2.905960 1.282797 0.024591 
-1.257641 2.942244 2.904359 1.282656 0.025015 
-1.257075 2.941272 2.902760 1.282515 0.025439 
-1.256510 2.940299 2.901161 1.282373 0.025863 
-1.255945 2.939327 2.899562 1.282232 0.026287 
-1.255379 2.938356 2.897965 1.282091 0.026711 
-1.254814 2.937384 2.896368 1.281949 0.027135 
-1.254249 2.936413 2.894772 1.281808 0.027559 
-1.253683 2.935441 2.893176 1.281667 0.027983 
-1.253118 2.934470 2.891581 1.281525 0.028407 
-1.252553 2.933500 2.889987 1.281384 0.028831 
-1.251987 2.932529 2.888394 1.281243 0.029255 
-1.251422 2.931559 2.886801 1.281101 0.029679 
-1.250857 2.930589 2.885209 1.280960 0.030103 
-1.250291 2.929619 2.883618 1.280819 0.030527 
-1.249726 2.928649 2.882027 1.280677 0.030951 
-1.249161 2.927680 2.880437 1.280536 0.031375 
-1.248596 2.926710 2.878848 1.280395 0.031799 
-1.248030 2.925741 2.877260 1.280253 0.032223 
-1.247465 2.924773 2.875672 1.280112 0.032647 
-1.246900 2.923804 2.874085 1.279971 0.033071 
-1.246334 2.922836 2.872498 1.279829 0.033495 
-1.245769 2.921867 2.870913 1.279688 0.033919 
-1.245204 2.920899 2.869328 1.279547 0.034343 
-1.244638 2.919932 2.867743 1.279405 0.034767 
-1.244073 2.918964 2.866160 1.279264 0.035191 
-1.243508 2.917997 2.864577 1.279123 0.035615 
-1.242942 2.917030 2.862995 1.278981 0.036039 
-1.242377 2.916063 2.861413 1.278840 0.036463 
-1.241812 2.915096 2.859833 1.278699 0.036887 
-1.241246 2.914130 2.858252 1.278557 0.037311 
-1.240681 2.913163 2.856673 1.278416 0.037735 
-1.240116 2.912197 2.855094 1.278275 0.038159 
-1.239550 2.911231 2.853516 1.278133 0.038583 
-1.238985 2.910266 2.851939 1.277992 0.039007 
-1.238420 2.909300 2.850363 1.277851 0.039431 
-1.237854 2.908335 2.848787 1.277709 0.039855 
-1.237289 2.907370 2.847211 1.277568 0.040279 
-1.236724 2.906405 2.845637 1.277427 0.040703 
-1.236159 2.905441 2.844063 1.277285 0.041127 
-1.235593 2.904477 2.842490 1.277144 0.041551 
-1.235028 2.903512 2.840918 1.277003 0.041975 
-1.234463 2.902548 2.839346 1.276861 0.042399 
-1.233897 2.901585 2.837775 1.276720 0.042823 
-1.233332 2.900621 2.836205 1.276579 0.043247 
-1.232767 2.899658 2.834635 1.276437 0.043671 
-1.232201 2.898695 2.833066 1.276296 0.044095 
-1.231636 2.897732 2.831498 1.276155 0.044519 
-1.231071 2.896769 2.829930 1.276013 0.044943 
-1.230505 2.895807 2.828363 1.275872 0.045367 
-1.229940 2.894845 2.826797 1.275731 0.045791 
-1.229375 2.893883 2.825232 1.275590 0.046215 
-1.228809 2.892921 2.823667 1.275448 0.046639 
-1.228244 2.891960 2.822103 1.275307 0.047063 
-1.227679 2.890998 2.820539 1.275166 0.047487 
-1.227113 2.890037 2.818977 1.275024 0.047911 
-1.226548 2.889076 2.817415 1.274883 0.048335 
-1.225983 2.888115 2.815854 1.274742 0.048759 
-1.225417 2.887155 2.814293 1.274600 0.049183 
-1.224852 2.886195 2.812733 1.274459 0.049607 
-1.224287 2.885234 2.811174 1.274318 0.050031 
-1.223721 2.884275 2.809615 1.274176 0.050455 
-1.223156 2.883315 2.808057 1.274035 0.050879 
-1.222591 2.882356 2.806500 1.273894 0.051303 
-1.222026 2.881396 2.804944 1.273752 0.051727 
-1.221460 2.880437 2.803388 1.273611 0.052151 
-1.220895 2.879478 2.801833 1.273470 0.052575 
-1.220330 2.878520 2.800278 1.273328 0.052999 
-1.219764 2.877562 2.798725 1.273187 0.053423 
-1.219199 2.876603 2.797172 1.273046 0.053847 
-1.218634 2.875645 2.795619 1.272904 0.054271 
-1.218068 2.874688 2.794068 1.272763 0.054695 
-1.217503 2.873730 2.792517 1.272622 0.055119 
-1.216938 2.872773 2.790967 1.272480 0.055543 
-1.216372 2.871816 2.789417 1.272339 0.055967 
-1.215807 2.870859 2.787868 1.272198 0.056391 
-1.215242 2.869902 2.786320 1.272056 0.056815 
-1.214676 2.868946 2.784772 1.271915 0.057239 
-1.214111 2.867989 2.783226 1.271774 0.057663 
-1.213546 2.867033 2.781680 1.271632 0.058087 
-1.212980 2.866078 2.780134 1.271491 0.058511 
-1.212415 2.865122 2.778589 1.271350 0.058934 
-1.211850 2.864167 2.777045 1.271208 0.059358 
-1.211284 2.863211 2.775502 1.271067 0.059782 
-1.210719 2.862256 2.773959 1.270926 0.060206 
-1.210154 2.861302 2.772417 1.270784 0.060630 
-1.209589 2.860347 2.770876 1.270643 0.061054 
-1.209023 2.859393 2.769335 1.270502 0.061478 
-1.208458 2.858439 2.767795 1.270360 0.061902 
-1.207893 2.857485 2.766256 1.270219 0.062326 
-1.207327 2.856531 2.764717 1.270078 0.062750 
-1.206762 2.855578 2.763180 1.269936 0.063174 
-1.206197 2.854624 2.761642 1.269795 0.063598 
-1.205631 2.853671 2.760106 1.269654 0.064022 
-1.205066 2.852718 2.758570 1.269512 0.064446 
-1.204501 2.851766 2.757035 1.269371 0.064870 
-1.203935 2.850813 2.755500 1.269230 0.065294 
-1.203370 2.849861 2.753966 1.269088 0.065718 
-1.202805 2.848909 2.752433 1.268947 0.066142 
-1.202239 2.847957 2.750901 1.268806 0.066566 
-1.201674 2.847006 2.749369 1.268664 0.066990 
-1.201109 2.846054 2.747838 1.268523 0.067414 
-1.200543 2.845103 2.746308 1.268382 0.067838 
-1.199978 2.844152 2.744778 1.268240 0.068262 
-1.199413 2.843202 2.743249 1.268099 0.068686 
-1.198847 2.842251 2.741721 1.267958 0.069110 
-1.198282 2.841301 2.740193 1.267816 0.069534 
-1.197717 2.840351 2.738666 1.267675 0.069958 
-1.197152 2.839401 2.737140 1.267534 0.070382 
-1.196586 2.838451 2.735614 1.267392 0.070806 
-1.196021 2.837502 2.734089 1.267251 0.071230 
-1.195456 2.836552 2.732565 1.267110 0.071654 
-1.194890 2.835603 2.731041 1.266968 0.072078 
-1.194325 2.834654 2.729519 1.266827 0.072502 
-1.193760 2.833706 2.727996 1.266686 0.072926 
-1.193194 2.832757 2.726475 1.266544 0.073350 
-1.192629 2.831809 2.724954 1.266403 0.073774 
-1.192064 2.830861 2.723434 1.266262 0.074198 
-1.191498 2.829914 2.721914 1.266120 0.074622 
-1.190933 2.828966 2.720395 1.265979 0.075046 
-1.190368 2.828019 2.718877 1.265838 0.075470 
-1.189802 2.827072 2.717360 1.265696 0.075894 
-1.189237 2.826125 2.715843 1.265555 0.076318 
-1.188672 2.825178 2.714327 1.265414 0.076742 
-1.188106 2.824231 2.712812 1.265272 0.077166 
-1.187541 2.823285 2.711297 1.265131 0.077590 
-1.186976 2.822339 2.709783 1.264990 0.078014 
-1.186410 2.821393 2.708269 1.264848 0.078438 
-1.185845 2.820448 2.706757 1.264707 0.078862 
-1.185280 2.819502 2.705245 1.264566 0.079286 
-1.184714 2.818557 2.703733 1.264424 0.079710 
-1.184149 2.817612 2.702222 1.264283 0.080134 
-1.183584 2.816667 2.700712 1.264142 0.080558 
-1.183019 2.815722 2.699203 1.264000 0.080982 
-1.182453 2.814778 2.697694 1.263859 0.081406 
-1.181888 2.813834 2.696186 1.263718 0.081830 
-1.181323 2.812890 2.694679 1.263576 0.082254 
-1.180757 2.811946 2.693172 1.263435 0.082678 
-1.180192 2.811003 2.691666 1.263294 0.083102 
-1.179627 2.810059 2.690161 1.263152 0.083526 
-1.179061 2.809116 2.688657 1.263011 0.083950 
-1.178496 2.808173 2.687153 1.262870 0.084374 
-1.177931 2.807231 2.685649 1.262729 0.084798 
-1.177365 2.806288 2.684147 1.262587 0.085222 
-1.176800 2.805346 2.682645 1.262446 0.085646 
-1.176235 2.804404 2.681143 1.262305 0.086070 
-1.175669 2.803462 2.679643 1.262163 0.086494 
-1.175104 2.802520 2.678143 1.262022 0.086918 
-1.174539 2.801579 2.676644 1.261881 0.087342 
-1.173973 2.800638 2.675145 1.261739 0.087766 
-1.173408 2.799697 2.673647 1.261598 0.088190 
-1.172843 2.798756 2.672150 1.261457 0.088614 
-1.172277 2.797815 2.670653 1.261315 0.089038 
-1.171712 2.796875 2.669158 1.261174 0.089462 
-1.171147 2.795935 2.667662 1.261033 0.089886 
-1.170582 2.794995 2.666168 1.260891 0.090310 
-1.170016 2.794055 2.664674 1.260750 0.090734 
-1.169451 2.793115 2.663181 1.260609 0.091158 
-1.168886 2.792176 2.661688 1.260467 0.091582 
-1.168320 2.791237 2.660196 1.260326 0.092006 
-1.167755 2.790298 2.658705 1.260185 0.092430 
-1.167190 2.789359 2.657215 1.260043 0.092854 
-1.166624 2.788421 2.655725 1.259902 0.093278 
-1.166059 2.787483 2.654235 1.259761 0.093702 
-1.165494 2.786545 2.652747 1.259619 0.094126 
-1.164928 2.785607 2.651259 1.259478 0.094550 
-1.164363 2.784669 2.649772 1.259337 0.094974 
-1.163798 2.783732 2.648285 1.259195 0.095398 
-1.163232 2.782794 2.646800 1.259054 0.095822 
-1.162667 2.781857 2.645314 1.258913 0.096246 
-1.162102 2.780921 2.643830 1.258771 0.096670 
-1.161536 2.779984 2.642346 1.258630 0.097094 
-1.160971 2.779048 2.640863 1.258489 0.097518 
-1.160406 2.778112 2.639380 1.258347 0.097941 
-1.159840 2.777176 2.637898 1.258206 0.098365 
-1.159275 2.776240 2.636417 1.258065 0.098789 
-1.158710 2.775304 2.634937 1.257923 0.099213 
-1.158145 2.774369 2.633457 1.257782 0.099637 
-1.157579 2.773434 2.631978 1.257641 0.100061 
-1.157014 2.772499 2.630499 1.257499 0.100485 
-1.156449 2.771564 2.629021 1.257358 0.100909 
-1.155883 2.770630 2.627544 1.257217 0.101333 
-1.155318 2.769695 2.626067 1.257075 0.101757 
-1.154753 2.768761 2.624592 1.256934 0.102181 
-1.154187 2.767828 2.623116 1.256793 0.102605 
-1.153622 2.766894 2.621642 1.256651 0.103029 
-1.153057 2.765961 2.620168 1.256510 0.103453 
-1.152491 2.765027 2.618695 1.256369 0.103877 
-1.151926 2.764094 2.617222 1.256227 0.104301 
-1.151361 2.763161 2.615750 1.256086 0.104725 
-1.150795 2.762229 2.614279 1.255945 0.105149 
-1.150230 2.761296 2.612808 1.255803 0.105573 
-1.149665 2.760364 2.611338 1.255662 0.105997 
-1.149099 2.759432 2.609869 1.255521 0.106421 
-1.148534 2.758501 2.608401 1.255379 0.106845 
-1.147969 2.757569 2.606933 1.255238 0.107269 
-1.147403 2.756638 2.605465 1.255097 0.107693 
-1.146838 2.755707 2.603999 1.254955 0.108117 
-1.146273 2.754776 2.602533 1.254814 0.108541 
-1.145707 2.753845 2.601068 1.254673 0.108965 
-1.145142 2.752914 2.599603 1.254531 0.109389 
-1.144577 2.751984 2.598139 1.254390 0.109813 
-1.144012 2.751054 2.596676 1.254249 0.110237 
-1.143446 2.750124 2.595213 1.254107 0.110661 
-1.142881 2.749195 2.593751 1.253966 0.111085 
-1.142316 2.748265 2.592290 1.253825 0.111509 
-1.141750 2.747336 2.590829 1.253683 0.111933 
-1.141185 2.746407 2.589369 1.253542 0.112357 
-1.140620 2.745478 2.587910 1.253401 0.112781 
-1.140054 2.744549 2.586451 1.253259 0.113205 
-1.139489 2.743621 2.584993 1.253118 0.113629 
-1.138924 2.742693 2.583536 1.252977 0.114053 
-1.138358 2.741765 2.582079 1.252835 0.114477 
-1.137793 2.740837 2.580623 1.252694 0.114901 
-1.137228 2.739910 2.579167 1.252553 0.115325 
-1.136662 2.738982 2.577713 1.252411 0.115749 
-1.136097 2.738055 2.576259 1.252270 0.116173 
-1.135532 2.737128 2.574805 1.252129 0.116597 
-1.134966 2.736201 2.573352 1.251987 0.117021 
-1.134401 2.735275 2.571900 1.251846 0.117445 
-1.133836 2.734349 2.570449 1.251705 0.117869 
-1.133270 2.733422 2.568998 1.251563 0.118293 
-1.132705 2.732497 2.567548 1.251422 0.118717 
-1.132140 2.731571 2.566098 1.251281 0.119141 
-1.131575 2.730645 2.564649 1.251139 0.119565 
-1.131009 2.729720 2.563201 1.250998 0.119989 
-1.130444 2.728795 2.561754 1.250857 0.120413 
-1.129879 2.727870 2.560307 1.250715 0.120837 
-1.129313 2.726946 2.558861 1.250574 0.121261 
-1.128748 2.726021 2.557415 1.250433 0.121685 
-1.128183 2.725097 2.555970 1.250291 0.122109 
-1.127617 2.724173 2.554526 1.250150 0.122533 
-1.127052 2.723249 2.553082 1.250009 0.122957 
-1.126487 2.722326 2.551639 1.249867 0.123381 
-1.125921 2.721402 2.550197 1.249726 0.123805 
-1.125356 2.720479 2.548755 1.249585 0.124229 
-1.124791 2.719556 2.547314 1.249444 0.124653 
-1.124225 2.718633 2.545874 1.249302 0.125077 
-1.123660 2.717711 2.544434 1.249161 0.125501 
-1.123095 2.716788 2.542995 1.249020 0.125925 
-1.122529 2.715866 2.541557 1.248878 0.126349 
-1.121964 2.714944 2.540119 1.248737 0.126773 
-1.121399 2.714023 2.538682 1.248596 0.127197 
-1.120833 2.713101 2.537245 1.248454 0.127621 
-1.120268 2.712180 2.535809 1.248313 0.128045 
-1.119703 2.711259 2.534374 1.248172 0.128469 
-1.119138 2.710338 2.532940 1.248030 0.128893 
-1.118572 2.709417 2.531506 1.247889 0.129317 
-1.118007 2.708497 2.530073 1.247748 0.129741 
-1.117442 2.707576 2.528640 1.247606 0.130165 
-1.116876 2.706656 2.527208 1.247465 0.130589 
-1.116311 2.705737 2.525777 1.247324 0.131013 
-1.115746 2.704817 2.524346 1.247182 0.131437 
-1.115180 2.703898 2.522916 1.247041 0.131861 
-1.114615 2.702978 2.521487 1.246900 0.132285 
-1.114050 2.702059 2.520059 1.246758 0.132709 
-1.113484 2.701141 2.518630 1.246617 0.133133 
-1.112919 2.700222 2.517203 1.246476 0.133557 
-1.112354 2.699304 2.515776 1.246334 0.133981 
-1.111788 2.698385 2.514350 1.246193 0.134405 
-1.111223 2.697467 2.512925 1.246052 0.134829 
-1.110658 2.696550 2.511500 1.245910 0.135253 
-1.110092 2.695632 2.510076 1.245769 0.135677 
-1.109527 2.694715 2.508652 1.245628 0.136101 
-1.108962 2.693798 2.507230 1.245486 0.136525 
-1.108396 2.692881 2.505807 1.245345 0.136949 
-1.107831 2.691964 2.504386 1.245204 0.137372 
-1.107266 2.691048 2.502965 1.245062 0.137796 
-1.106700 2.690131 2.501545 1.244921 0.138220 
-1.106135 2.689215 2.500125 1.244780 0.138644 
-1.105570 2.688299 2.498706 1.244638 0.139068 
-1.105005 2.687384 2.497288 1.244497 0.139492 
-1.104439 2.686468 2.495870 1.244356 0.139916 
-1.103874 2.685553 2.494453 1.244214 0.140340 
-1.103309 2.684638 2.493037 1.244073 0.140764 
-1.102743 2.683723 2.491621 1.243932 0.141188 
-1.102178 2.682808 2.490206 1.243790 0.141612 
-1.101613 2.681894 2.488791 1.243649 0.142036 
-1.101047 2.680980 2.487378 1.243508 0.142460 
-1.100482 2.680066 2.485964 1.243366 0.142884 
-1.099917 2.679152 2.484552 1.243225 0.143308 
-1.099351 2.678238 2.483140 1.243084 0.143732 
-1.098786 2.677325 2.481729 1.242942 0.144156 
-1.098221 2.676412 2.480318 1.242801 0.144580 
-1.097655 2.675499 2.478908 1.242660 0.145004 
-1.097090 2.674586 2.477499 1.242518 0.145428 
-1.096525 2.673673 2.476090 1.242377 0.145852 
-1.095959 2.672761 2.474682 1.242236 0.146276 
-1.095394 2.671849 2.473275 1.242094 0.146700 
-1.094829 2.670937 2.471868 1.241953 0.147124 
-1.094263 2.670025 2.470462 1.241812 0.147548 
-1.093698 2.669114 2.469056 1.241670 0.147972 
-1.093133 2.668202 2.467651 1.241529 0.148396 
-1.092568 2.667291 2.466247 1.241388 0.148820 
-1.092002 2.666380 2.464844 1.241246 0.149244 
-1.091437 2.665470 2.463441 1.241105 0.149668 
-1.090872 2.664559 2.462038 1.240964 0.150092 
-1.090306 2.663649 2.460637 1.240822 0.150516 
-1.089741 2.662739 2.459236 1.240681 0.150940 
-1.089176 2.661829 2.457835 1.240540 0.151364 
-1.088610 2.660919 2.456436 1.240398 0.151788 
-1.088045 2.660010 2.455036 1.240257 0.152212 
-1.087480 2.659101 2.453638 1.240116 0.152636 
-1.086914 2.658192 2.452240 1.239974 0.153060 
-1.086349 2.657283 2.450843 1.239833 0.153484 
-1.085784 2.656374 2.449446 1.239692 0.153908 
-1.085218 2.655466 2.448051 1.239550 0.154332 
-1.084653 2.654558 2.446655 1.239409 0.154756 
-1.084088 2.653650 2.445261 1.239268 0.155180 
-1.083522 2.652742 2.443867 1.239126 0.155604 
-1.082957 2.651834 2.442473 1.238985 0.156028 
-1.082392 2.650927 2.441081 1.238844 0.156452 
-1.081826 2.650020 2.439688 1.238702 0.156876 
-1.081261 2.649113 2.438297 1.238561 0.157300 
-1.080696 2.648206 2.436906 1.238420 0.157724 
-1.080130 2.647300 2.435516 1.238278 0.158148 
-1.079565 2.646393 2.434126 1.238137 0.158572 
-1.079000 2.645487 2.432737 1.237996 0.158996 
-1.078435 2.644581 2.431349 1.237854 0.159420 
-1.077869 2.643675 2.429962 1.237713 0.159844 
-1.077304 2.642770 2.428574 1.237572 0.160268 
-1.076739 2.641865 2.427188 1.237430 0.160692 
-1.076173 2.640960 2.425802 1.237289 0.161116 
-1.075608 2.640055 2.424417 1.237148 0.161540 
-1.075043 2.639150 2.423033 1.237006 0.161964 
-1.074477 2.638245 2.421649 1.236865 0.162388 
-1.073912 2.637341 2.420266 1.236724 0.162812 
-1.073347 2.636437 2.418883 1.236583 0.163236 
-1.072781 2.635533 2.417501 1.236441 0.163660 
-1.072216 2.634630 2.416120 1.236300 0.164084 
-1.071651 2.633726 2.414739 1.236159 0.164508 
-1.071085 2.632823 2.413359 1.236017 0.164932 
-1.070520 2.631920 2.411980 1.235876 0.165356 
-1.069955 2.631017 2.410601 1.235735 0.165780 
-1.069389 2.630114 2.409223 1.235593 0.166204 
-1.068824 2.629212 2.407845 1.235452 0.166628 
-1.068259 2.628310 2.406468 1.235311 0.167052 
-1.067693 2.627408 2.405092 1.235169 0.167476 
-1.067128 2.626506 2.403716 1.235028 0.167900 
-1.066563 2.625605 2.402341 1.234887 0.168324 
-1.065998 2.624703 2.400967 1.234745 0.168748 
-1.065432 2.623802 2.399593 1.234604 0.169172 
-1.064867 2.622901 2.398220 1.234463 0.169596 
-1.064302 2.622000 2.396847 1.234321 0.170020 
-1.063736 2.621100 2.395475 1.234180 0.170444 
-1.063171 2.620199 2.394104 1.234039 0.170868 
-1.062606 2.619299 2.392734 1.233897 0.171292 
-1.062040 2.618399 2.391364 1.233756 0.171716 
-1.061475 2.617500 2.389994 1.233615 0.172140 
-1.060910 2.616600 2.388625 1.233473 0.172564 
-1.060344 2.615701 2.387257 1.233332 0.172988 
-1.059779 2.614802 2.385890 1.233191 0.173412 
-1.059214 2.613903 2.384523 1.233049 0.173836 
-1.058648 2.613004 2.383157 1.232908 0.174260 
-1.058083 2.612105 2.381791 1.232767 0.174684 
-1.057518 2.611207 2.380426 1.232625 0.175108 
-1.056952 2.610309 2.379062 1.232484 0.175532 
-1.056387 2.609411 2.377698 1.232343 0.175956 
-1.055822 2.608514 2.376335 1.232201 0.176379 
-1.055256 2.607616 2.374973 1.232060 0.176803 
-1.054691 2.606719 2.373611 1.231919 0.177227 
-1.054126 2.605822 2.372249 1.231777 0.177651 
-1.053561 2.604925 2.370889 1.231636 0.178075 
-1.052995 2.604028 2.369529 1.231495 0.178499 
-1.052430 2.603132 2.368169 1.231353 0.178923 
-1.051865 2.602236 2.366811 1.231212 0.179347 
-1.051299 2.601340 2.365453 1.231071 0.179771 
-1.050734 2.600444 2.364095 1.230929 0.180195 
-1.050169 2.599548 2.362738 1.230788 0.180619 
-1.049603 2.598653 2.361382 1.230647 0.181043 
-1.049038 2.597758 2.360026 1.230505 0.181467 
-1.048473 2.596863 2.358671 1.230364 0.181891 
-1.047907 2.595968 2.357317 1.230223 0.182315 
-1.047342 2.595073 2.355963 1.230081 0.182739 
-1.046777 2.594179 2.354610 1.229940 0.183163 
-1.046211 2.593285 2.353258 1.229799 0.183587 
-1.045646 2.592391 2.351906 1.229657 0.184011 
-1.045081 2.591497 2.350555 1.229516 0.184435 
-1.044515 2.590603 2.349204 1.229375 0.184859 
-1.043950 2.589710 2.347854 1.229233 0.185283 
-1.043385 2.588817 2.346505 1.229092 0.185707 
-1.042819 2.587924 2.345156 1.228951 0.186131 
-1.042254 2.587031 2.343808 1.228809 0.186555 
-1.041689 2.586139 2.342460 1.228668 0.186979 
-1.041123 2.585246 2.341113 1.228527 0.187403 
-1.040558 2.584354 2.339767 1.228385 0.187827 
-1.039993 2.583462 2.338421 1.228244 0.188251 
-1.039428 2.582571 2.337076 1.228103 0.188675 
-1.038862 2.581679 2.335732 1.227961 0.189099 
-1.038297 2.580788 2.334388 1.227820 0.189523 
-1.037732 2.579897 2.333045 1.227679 0.189947 
-1.037166 2.579006 2.331702 1.227537 0.190371 
-1.036601 2.578115 2.330360 1.227396 0.190795 
-1.036036 2.577225 2.329019 1.227255 0.191219 
-1.035470 2.576334 2.327678 1.227113 0.191643 
-1.034905 2.575444 2.326338 1.226972 0.192067 
-1.034340 2.574555 2.324998 1.226831 0.192491 
-1.033774 2.573665 2.323659 1.226689 0.192915 
-1.033209 2.572775 2.322321 1.226548 0.193339 
-1.032644 2.571886 2.320984 1.226407 0.193763 
-1.032078 2.570997 2.319647 1.226265 0.194187 
-1.031513 2.570108 2.318310 1.226124 0.194611 
-1.030948 2.569220 2.316974 1.225983 0.195035 
-1.030382 2.568331 2.315639 1.225841 0.195459 
-1.029817 2.567443 2.314305 1.225700 0.195883 
-1.029252 2.566555 2.312971 1.225559 0.196307 
-1.028686 2.565667 2.311637 1.225417 0.196731 
-1.028121 2.564780 2.310305 1.225276 0.197155 
-1.027556 2.563892 2.308972 1.225135 0.197579 
-1.026991 2.563005 2.307641 1.224993 0.198003 
-1.026425 2.562118 2.306310 1.224852 0.198427 
-1.025860 2.561231 2.304980 1.224711 0.198851 
-1.025295 2.560345 2.303650 1.224569 0.199275 
-1.024729 2.559458 2.302321 1.224428 0.199699 
-1.024164 2.558572 2.300993 1.224287 0.200123 
-1.023599 2.557686 2.299665 1.224145 0.200547 
-1.023033 2.556800 2.298338 1.224004 0.200971 
-1.022468 2.555915 2.297011 1.223863 0.201395 
-1.021903 2.555029 2.295685 1.223721 0.201819 
-1.021337 2.554144 2.294360 1.223580 0.202243 
-1.020772 2.553259 2.293035 1.223439 0.202667 
-1.020207 2.552375 2.291711 1.223298 0.203091 
-1.019641 2.551490 2.290387 1.223156 0.203515 
-1.019076 2.550606 2.289065 1.223015 0.203939 
-1.018511 2.549722 2.287742 1.222874 0.204363 
-1.017945 2.548838 2.286421 1.222732 0.204787 
-1.017380 2.547954 2.285099 1.222591 0.205211 
-1.016815 2.547070 2.283779 1.222450 0.205635 
-1.016249 2.546187 2.282459 1.222308 0.206059 
-1.015684 2.545304 2.281140 1.222167 0.206483 
-1.015119 2.544421 2.279821 1.222026 0.206907 
-1.014554 2.543538 2.278503 1.221884 0.207331 
-1.013988 2.542656 2.277186 1.221743 0.207755 
-1.013423 2.541774 2.275869 1.221602 0.208179 
-1.012858 2.540891 2.274553 1.221460 0.208603 
-1.012292 2.540010 2.273237 1.221319 0.209027 
-1.011727 2.539128 2.271922 1.221178 0.209451 
-1.011162 2.538246 2.270608 1.221036 0.209875 
-1.010596 2.537365 2.269294 1.220895 0.210299 
-1.010031 2.536484 2.267981 1.220754 0.210723 
-1.009466 2.535603 2.266668 1.220612 0.211147 
-1.008900 2.534723 2.265356 1.220471 0.211571 
-1.008335 2.533842 2.264045 1.220330 0.211995 
-1.007770 2.532962 2.262734 1.220188 0.212419 
-1.007204 2.532082 2.261424 1.220047 0.212843 
-1.006639 2.531202 2.260115 1.219906 0.213267 
-1.006074 2.530322 2.258806 1.219764 0.213691 
-1.005508 2.529443 2.257498 1.219623 0.214115 
-1.004943 2.528564 2.256190 1.219482 0.214539 
-1.004378 2.527685 2.254883 1.219340 0.214963 
-1.003812 2.526806 2.253576 1.219199 0.215387 
-1.003247 2.525927 2.252270 1.219058 0.215810 
-1.002682 2.525049 2.250965 1.218916 0.216234 
-1.002116 2.524171 2.249661 1.218775 0.216658 
-1.001551 2.523293 2.248357 1.218634 0.217082 
-1.000986 2.522415 2.247053 1.218492 0.217506 
-1.000421 2.521537 2.245750 1.218351 0.217930 
-0.999855 2.520660 2.244448 1.218210 0.218354 
-0.999290 2.519783 2.243146 1.218068 0.218778 
-0.998725 2.518906 2.241845 1.217927 0.219202 
-0.998159 2.518029 2.240545 1.217786 0.219626 
-0.997594 2.517152 2.239245 1.217644 0.220050 
-0.997029 2.516276 2.237946 1.217503 0.220474 
-0.996463 2.515400 2.236647 1.217362 0.220898 
-0.995898 2.514524 2.235349 1.217220 0.221322 
-0.995333 2.513648 2.234052 1.217079 0.221746 
-0.994767 2.512772 2.232755 1.216938 0.222170 
-0.994202 2.511897 2.231459 1.216796 0.222594 
-0.993637 2.511022 2.230163 1.216655 0.223018 
-0.993071 2.510147 2.228868 1.216514 0.223442 
-0.992506 2.509272 2.227574 1.216372 0.223866 
-0.991941 2.508398 2.226280 1.216231 0.224290 
-0.991375 2.507523 2.224987 1.216090 0.224714 
-0.990810 2.506649 2.223694 1.215948 0.225138 
-0.990245 2.505775 2.222402 1.215807 0.225562 
-0.989679 2.504901 2.221111 1.215666 0.225986 
-0.989114 2.504028 2.219820 1.215524 0.226410 
-0.988549 2.503154 2.218530 1.215383 0.226834 
-0.987984 2.502281 2.217240 1.215242 0.227258 
-0.987418 2.501408 2.215951 1.215100 0.227682 
-0.986853 2.500536 2.214663 1.214959 0.228106 
-0.986288 2.499663 2.213375 1.214818 0.228530 
-0.985722 2.498791 2.212088 1.214676 0.228954 
-0.985157 2.497919 2.210801 1.214535 0.229378 
-0.984592 2.497047 2.209515 1.214394 0.229802 
-0.984026 2.496175 2.208230 1.214252 0.230226 
-0.983461 2.495304 2.206945 1.214111 0.230650 
-0.982896 2.494432 2.205661 1.213970 0.231074 
-0.982330 2.493561 2.204377 1.213828 0.231498 
-0.981765 2.492690 2.203094 1.213687 0.231922 
-0.981200 2.491820 2.201812 1.213546 0.232346 
-0.980634 2.490949 2.200530 1.213404 0.232770 
-0.980069 2.490079 2.199249 1.213263 0.233194 
-0.979504 2.489209 2.197968 1.213122 0.233618 
-0.978938 2.488339 2.196688 1.212980 0.234042 
-0.978373 2.487469 2.195409 1.212839 0.234466 
-0.977808 2.486600 2.194130 1.212698 0.234890 
-0.977242 2.485730 2.192851 1.212556 0.235314 
-0.976677 2.484861 2.191574 1.212415 0.235738 
-0.976112 2.483992 2.190297 1.212274 0.236162 
-0.975547 2.483124 2.189020 1.212132 0.236586 
-0.974981 2.482255 2.187744 1.211991 0.237010 
-0.974416 2.481387 2.186469 1.211850 0.237434 
-0.973851 2.480519 2.185195 1.211708 0.237858 
-0.973285 2.479651 2.183920 1.211567 0.238282 
-0.972720 2.478784 2.182647 1.211426 0.238706 
-0.972155 2.477916 2.181374 1.211284 0.239130 
-0.971589 2.477049 2.180102 1.211143 0.239554 
-0.971024 2.476182 2.178830 1.211002 0.239978 
-0.970459 2.475315 2.177559 1.210860 0.240402 
-0.969893 2.474448 2.176288 1.210719 0.240826 
-0.969328 2.473582 2.175019 1.210578 0.241250 
-0.968763 2.472716 2.173749 1.210437 0.241674 
-0.968197 2.471850 2.172481 1.210295 0.242098 
-0.967632 2.470984 2.171212 1.210154 0.242522 
-0.967067 2.470118 2.169945 1.210013 0.242946 
-0.966501 2.469253 2.168678 1.209871 0.243370 
-0.965936 2.468387 2.167412 1.209730 0.243794 
-0.965371 2.467522 2.166146 1.209589 0.244218 
-0.964805 2.466658 2.164881 1.209447 0.244642 
-0.964240 2.465793 2.163616 1.209306 0.245066 
-0.963675 2.464929 2.162352 1.209165 0.245490 
-0.963109 2.464064 2.161089 1.209023 0.245914 
-0.962544 2.463200 2.159826 1.208882 0.246338 
-0.961979 2.462337 2.158564 1.208741 0.246762 
-0.961414 2.461473 2.157302 1.208599 0.247186 
-0.960848 2.460609 2.156041 1.208458 0.247610 
-0.960283 2.459746 2.154780 1.208317 0.248034 
-0.959718 2.458883 2.153521 1.208175 0.248458 
-0.959152 2.458020 2.152261 1.208034 0.248882 
-0.958587 2.457158 2.151003 1.207893 0.249306 
-0.958022 2.456295 2.149744 1.207751 0.249730 
-0.957456 2.455433 2.148487 1.207610 0.250154 
-0.956891 2.454571 2.147230 1.207469 0.250578 
-0.956326 2.453709 2.145974 1.207327 0.251002 
-0.955760 2.452848 2.144718 1.207186 0.251426 
-0.955195 2.451986 2.143463 1.207045 0.251850 
-0.954630 2.451125 2.142208 1.206903 0.252274 
-0.954064 2.450264 2.140954 1.206762 0.252698 
-0.953499 2.449404 2.139701 1.206621 0.253122 
-0.952934 2.448543 2.138448 1.206479 0.253546 
-0.952368 2.447683 2.137196 1.206338 0.253970 
-0.951803 2.446822 2.135944 1.206197 0.254394 
-0.951238 2.445962 2.134693 1.206055 0.254817 
-0.950672 2.445103 2.133443 1.205914 0.255241 
-0.950107 2.444243 2.132193 1.205773 0.255665 
-0.949542 2.443384 2.130944 1.205631 0.256089 
-0.948977 2.442525 2.129695 1.205490 0.256513 
-0.948411 2.441666 2.128447 1.205349 0.256937 
-0.947846 2.440807 2.127199 1.205207 0.257361 
-0.947281 2.439948 2.125952 1.205066 0.257785 
-0.946715 2.439090 2.124706 1.204925 0.258209 
-0.946150 2.438232 2.123460 1.204783 0.258633 
-0.945585 2.437374 2.122215 1.204642 0.259057 
-0.945019 2.436516 2.120970 1.204501 0.259481 
-0.944454 2.435658 2.119726 1.204359 0.259905 
-0.943889 2.434801 2.118483 1.204218 0.260329 
-0.943323 2.433944 2.117240 1.204077 0.260753 
-0.942758 2.433087 2.115998 1.203935 0.261177 
-0.942193 2.432230 2.114756 1.203794 0.261601 
-0.941627 2.431374 2.113515 1.203653 0.262025 
-0.941062 2.430517 2.112274 1.203511 0.262449 
-0.940497 2.429661 2.111034 1.203370 0.262873 
-0.939931 2.428805 2.109795 1.203229 0.263297 
-0.939366 2.427949 2.108556 1.203087 0.263721 
-0.938801 2.427094 2.107318 1.202946 0.264145 
-0.938235 2.426238 2.106080 1.202805 0.264569 
-0.937670 2.425383 2.104843 1.202663 0.264993 
-0.937105 2.424528 2.103607 1.202522 0.265417 
-0.936539 2.423674 2.102371 1.202381 0.265841 
-0.935974 2.422819 2.101136 1.202239 0.266265 
-0.935409 2.421965 2.099901 1.202098 0.266689 
-0.934844 2.421111 2.098667 1.201957 0.267113 
-0.934278 2.420257 2.097433 1.201815 0.267537 
-0.933713 2.419403 2.096200 1.201674 0.267961 
-0.933148 2.418549 2.094968 1.201533 0.268385 
-0.932582 2.417696 2.093736 1.201391 0.268809 
-0.932017 2.416843 2.092505 1.201250 0.269233 
-0.931452 2.415990 2.091274 1.201109 0.269657 
-0.930886 2.415137 2.090044 1.200967 0.270081 
-0.930321 2.414285 2.088815 1.200826 0.270505 
-0.929756 2.413432 2.087586 1.200685 0.270929 
-0.929190 2.412580 2.086358 1.200543 0.271353 
-0.928625 2.411728 2.085130 1.200402 0.271777 
-0.928060 2.410876 2.083903 1.200261 0.272201 
-0.927494 2.410025 2.082676 1.200119 0.272625 
-0.926929 2.409174 2.081450 1.199978 0.273049 
-0.926364 2.408322 2.080225 1.199837 0.273473 
-0.925798 2.407472 2.079000 1.199695 0.273897 
-0.925233 2.406621 2.077775 1.199554 0.274321 
-0.924668 2.405770 2.076552 1.199413 0.274745 
-0.924102 2.404920 2.075329 1.199271 0.275169 
-0.923537 2.404070 2.074106 1.199130 0.275593 
-0.922972 2.403220 2.072884 1.198989 0.276017 
-0.922407 2.402370 2.071663 1.198847 0.276441 
-0.921841 2.401521 2.070442 1.198706 0.276865 
-0.921276 2.400671 2.069222 1.198565 0.277289 
-0.920711 2.399822 2.068002 1.198423 0.277713 
-0.920145 2.398973 2.066783 1.198282 0.278137 
-0.919580 2.398124 2.065564 1.198141 0.278561 
-0.919015 2.397276 2.064346 1.197999 0.278985 
-0.918449 2.396428 2.063129 1.197858 0.279409 
-0.917884 2.395579 2.061912 1.197717 0.279833 
-0.917319 2.394732 2.060696 1.197576 0.280257 
-0.916753 2.393884 2.059480 1.197434 0.280681 
-0.916188 2.393036 2.058265 1.197293 0.281105 
-0.915623 2.392189 2.057051 1.197152 0.281529 
-0.915057 2.391342 2.055837 1.197010 0.281953 
-0.914492 2.390495 2.054623 1.196869 0.282377 
-0.913927 2.389648 2.053410 1.196728 0.282801 
-0.913361 2.388802 2.052198 1.196586 0.283225 
-0.912796 2.387955 2.050987 1.196445 0.283649 
-0.912231 2.387109 2.049776 1.196304 0.284073 
-0.911665 2.386263 2.048565 1.196162 0.284497 
-0.911100 2.385418 2.047355 1.196021 0.284921 
-0.910535 2.384572 2.046146 1.195880 0.285345 
-0.909970 2.383727 2.044937 1.195738 0.285769 
-0.909404 2.382882 2.043729 1.195597 0.286193 
-0.908839 2.382037 2.042521 1.195456 0.286617 
-0.908274 2.381192 2.041314 1.195314 0.287041 
-0.907708 2.380347 2.040108 1.195173 0.287465 
-0.907143 2.379503 2.038902 1.195032 0.287889 
-0.906578 2.378659 2.037696 1.194890 0.288313 
-0.906012 2.377815 2.036491 1.194749 0.288737 
-0.905447 2.376971 2.035287 1.194608 0.289161 
-0.904882 2.376128 2.034084 1.194466 0.289585 
-0.904316 2.375284 2.032880 1.194325 0.290009 
-0.903751 2.374441 2.031678 1.194184 0.290433 
-0.903186 2.373598 2.030476 1.194042 0.290857 
-0.902620 2.372756 2.029275 1.193901 0.291281 
-0.902055 2.371913 2.028074 1.193760 0.291705 
-0.901490 2.371071 2.026874 1.193618 0.292129 
-0.900924 2.370229 2.025674 1.193477 0.292553 
-0.900359 2.369387 2.024475 1.193336 0.292977 
-0.899794 2.368545 2.023276 1.193194 0.293401 
-0.899228 2.367703 2.022078 1.193053 0.293824 
-0.898663 2.366862 2.020881 1.192912 0.294248 
-0.898098 2.366021 2.019684 1.192770 0.294672 
-0.897532 2.365180 2.018488 1.192629 0.295096 
-0.896967 2.364339 2.017292 1.192488 0.295520 
-0.896402 2.363499 2.016097 1.192346 0.295944 
-0.895837 2.362658 2.014902 1.192205 0.296368 
-0.895271 2.361818 2.013708 1.192064 0.296792 
-0.894706 2.360978 2.012515 1.191922 0.297216 
-0.894141 2.360138 2.011322 1.191781 0.297640 
-0.893575 2.359299 2.010130 1.191640 0.298064 
-0.893010 2.358460 2.008938 1.191498 0.298488 
-0.892445 2.357620 2.007747 1.191357 0.298912 
-0.891879 2.356781 2.006556 1.191216 0.299336 
-0.891314 2.355943 2.005366 1.191074 0.299760 
-0.890749 2.355104 2.004177 1.190933 0.300184 
-0.890183 2.354266 2.002988 1.190792 0.300608 
-0.889618 2.353428 2.001800 1.190650 0.301032 
-0.889053 2.352590 2.000612 1.190509 0.301456 
-0.888487 2.351752 1.999425 1.190368 0.301880 
-0.887922 2.350914 1.998238 1.190226 0.302304 
-0.887357 2.350077 1.997052 1.190085 0.302728 
-0.886791 2.349240 1.995866 1.189944 0.303152 
-0.886226 2.348403 1.994681 1.189802 0.303576 
-0.885661 2.347566 1.993497 1.189661 0.304000 
-0.885095 2.346730 1.992313 1.189520 0.304424 
-0.884530 2.345893 1.991130 1.189378 0.304848 
-0.883965 2.345057 1.989947 1.189237 0.305272 
-0.883400 2.344221 1.988765 1.189096 0.305696 
-0.882834 2.343385 1.987583 1.188954 0.306120 
-0.882269 2.342550 1.986402 1.188813 0.306544 
-0.881704 2.341714 1.985222 1.188672 0.306968 
-0.881138 2.340879 1.984042 1.188530 0.307392 
-0.880573 2.340044 1.982863 1.188389 0.307816 
-0.880008 2.339210 1.981684 1.188248 0.308240 
-0.879442 2.338375 1.980506 1.188106 0.308664 
-0.878877 2.337541 1.979328 1.187965 0.309088 
-0.878312 2.336706 1.978151 1.187824 0.309512 
-0.877746 2.335872 1.976974 1.187682 0.309936 
-0.877181 2.335039 1.975798 1.187541 0.310360 
-0.876616 2.334205 1.974623 1.187400 0.310784 
-0.876050 2.333372 1.973448 1.187258 0.311208 
-0.875485 2.332538 1.972274 1.187117 0.311632 
-0.874920 2.331705 1.971100 1.186976 0.312056 
-0.874354 2.330873 1.969927 1.186834 0.312480 
-0.873789 2.330040 1.968754 1.186693 0.312904 
-0.873224 2.329208 1.967582 1.186552 0.313328 
-0.872658 2.328376 1.966411 1.186410 0.313752 
-0.872093 2.327544 1.965240 1.186269 0.314176 
-0.871528 2.326712 1.964069 1.186128 0.314600 
-0.870963 2.325880 1.962899 1.185986 0.315024 
-0.870397 2.325049 1.961730 1.185845 0.315448 
-0.869832 2.324218 1.960561 1.185704 0.315872 
-0.869267 2.323387 1.959393 1.185562 0.316296 
-0.868701 2.322556 1.958226 1.185421 0.316720 
-0.868136 2.321725 1.957059 1.185280 0.317144 
-0.867571 2.320895 1.955892 1.185138 0.317568 
-0.867005 2.320064 1.954726 1.184997 0.317992 
-0.866440 2.319234 1.953561 1.184856 0.318416 
-0.865875 2.318405 1.952396 1.184714 0.318840 
-0.865309 2.317575 1.951232 1.184573 0.319264 
-0.864744 2.316746 1.950068 1.184432 0.319688 
-0.864179 2.315916 1.948905 1.184291 0.320112 
-0.863613 2.315087 1.947742 1.184149 0.320536 
-0.863048 2.314259 1.946580 1.184008 0.320960 
-0.862483 2.313430 1.945419 1.183867 0.321384 
-0.861917 2.312601 1.944258 1.183725 0.321808 
-0.861352 2.311773 1.943097 1.183584 0.322232 
-0.860787 2.310945 1.941937 1.183443 0.322656 
-0.860221 2.310117 1.940778 1.183301 0.323080 
-0.859656 2.309290 1.939619 1.183160 0.323504 
-0.859091 2.308462 1.938461 1.183019 0.323928 
-0.858525 2.307635 1.937304 1.182877 0.324352 
-0.857960 2.306808 1.936147 1.182736 0.324776 
-0.857395 2.305981 1.934990 1.182595 0.325200 
-0.856830 2.305154 1.933834 1.182453 0.325624 
-0.856264 2.304328 1.932679 1.182312 0.326048 
-0.855699 2.303502 1.931524 1.182171 0.326472 
-0.855134 2.302676 1.930370 1.182029 0.326896 
-0.854568 2.301850 1.929216 1.181888 0.327320 
-0.854003 2.301024 1.928063 1.181747 0.327744 
-0.853438 2.300199 1.926910 1.181605 0.328168 
-0.852872 2.299373 1.925758 1.181464 0.328592 
-0.852307 2.298548 1.924606 1.181323 0.329016 
-0.851742 2.297724 1.923455 1.181181 0.329440 
-0.851176 2.296899 1.922305 1.181040 0.329864 
-0.850611 2.296074 1.921155 1.180899 0.330288 
-0.850046 2.295250 1.920006 1.180757 0.330712 
-0.849480 2.294426 1.918857 1.180616 0.331136 
-0.848915 2.293602 1.917709 1.180475 0.331560 
-0.848350 2.292778 1.916561 1.180333 0.331984 
-0.847784 2.291955 1.915414 1.180192 0.332408 
-0.847219 2.291132 1.914267 1.180051 0.332832 
-0.846654 2.290309 1.913121 1.179909 0.333255 
-0.846088 2.289486 1.911976 1.179768 0.333679 
-0.845523 2.288663 1.910831 1.179627 0.334103 
-0.844958 2.287840 1.909686 1.179485 0.334527 
-0.844393 2.287018 1.908542 1.179344 0.334951 
-0.843827 2.286196 1.907399 1.179203 0.335375 
-0.843262 2.285374 1.906256 1.179061 0.335799 
-0.842697 2.284552 1.905114 1.178920 0.336223 
-0.842131 2.283731 1.903973 1.178779 0.336647 
-0.841566 2.282909 1.902831 1.178637 0.337071 
-0.841001 2.282088 1.901691 1.178496 0.337495 
-0.840435 2.281267 1.900551 1.178355 0.337919 
-0.839870 2.280447 1.899411 1.178213 0.338343 
-0.839305 2.279626 1.898272 1.178072 0.338767 
-0.838739 2.278806 1.897134 1.177931 0.339191 
-0.838174 2.277986 1.895996 1.177789 0.339615 
-0.837609 2.277166 1.894859 1.177648 0.340039 
-0.837043 2.276346 1.893722 1.177507 0.340463 
-0.836478 2.275526 1.892586 1.177365 0.340887 
-0.835913 2.274707 1.891450 1.177224 0.341311 
-0.835347 2.273888 1.890315 1.177083 0.341735 
-0.834782 2.273069 1.889181 1.176941 0.342159 
-0.834217 2.272250 1.888047 1.176800 0.342583 
-0.833651 2.271432 1.886913 1.176659 0.343007 
-0.833086 2.270613 1.885780 1.176517 0.343431 
-0.832521 2.269795 1.884648 1.176376 0.343855 
-0.831956 2.268977 1.883516 1.176235 0.344279 
-0.831390 2.268159 1.882385 1.176093 0.344703 
-0.830825 2.267342 1.881254 1.175952 0.345127 
-0.830260 2.266524 1.880124 1.175811 0.345551 
-0.829694 2.265707 1.878994 1.175669 0.345975 
-0.829129 2.264890 1.877865 1.175528 0.346399 
-0.828564 2.264073 1.876737 1.175387 0.346823 
-0.827998 2.263257 1.875608 1.175245 0.347247 
-0.827433 2.262440 1.874481 1.175104 0.347671 
-0.826868 2.261624 1.873354 1.174963 0.348095 
-0.826302 2.260808 1.872228 1.174821 0.348519 
-0.825737 2.259992 1.871102 1.174680 0.348943 
-0.825172 2.259177 1.869976 1.174539 0.349367 
-0.824606 2.258361 1.868852 1.174397 0.349791 
-0.824041 2.257546 1.867727 1.174256 0.350215 
-0.823476 2.256731 1.866604 1.174115 0.350639 
-0.822910 2.255916 1.865481 1.173973 0.351063 
-0.822345 2.255101 1.864358 1.173832 0.351487 
-0.821780 2.254287 1.863236 1.173691 0.351911 
-0.821214 2.253473 1.862114 1.173549 0.352335 
-0.820649 2.252659 1.860993 1.173408 0.352759 
-0.820084 2.251845 1.859873 1.173267 0.353183 
-0.819518 2.251031 1.858753 1.173125 0.353607 
-0.818953 2.250218 1.857634 1.172984 0.354031 
-0.818388 2.249404 1.856515 1.172843 0.354455 
-0.817823 2.248591 1.855396 1.172701 0.354879 
-0.817257 2.247778 1.854279 1.172560 0.355303 
-0.816692 2.246966 1.853161 1.172419 0.355727 
-0.816127 2.246153 1.852045 1.172277 0.356151 
-0.815561 2.245341 1.850929 1.172136 0.356575 
-0.814996 2.244529 1.849813 1.171995 0.356999 
-0.814431 2.243717 1.848698 1.171853 0.357423 
-0.813865 2.242905 1.847583 1.171712 0.357847 
-0.813300 2.242094 1.846469 1.171571 0.358271 
-0.812735 2.241283 1.845356 1.171430 0.358695 
-0.812169 2.240471 1.844243 1.171288 0.359119 
-0.811604 2.239660 1.843131 1.171147 0.359543 
-0.811039 2.238850 1.842019 1.171006 0.359967 
-0.810473 2.238039 1.840908 1.170864 0.360391 
-0.809908 2.237229 1.839797 1.170723 0.360815 
-0.809343 2.236419 1.838687 1.170582 0.361239 
-0.808777 2.235609 1.837577 1.170440 0.361663 
-0.808212 2.234799 1.836468 1.170299 0.362087 
-0.807647 2.233990 1.835359 1.170158 0.362511 
-0.807081 2.233180 1.834251 1.170016 0.362935 
-0.806516 2.232371 1.833143 1.169875 0.363359 
-0.805951 2.231562 1.832036 1.169734 0.363783 
-0.805386 2.230753 1.830930 1.169592 0.364207 
-0.804820 2.229945 1.829824 1.169451 0.364631 
-0.804255 2.229136 1.828719 1.169310 0.365055 
-0.803690 2.228328 1.827614 1.169168 0.365479 
-0.803124 2.227520 1.826509 1.169027 0.365903 
-0.802559 2.226712 1.825406 1.168886 0.366327 
-0.801994 2.225905 1.824302 1.168744 0.366751 
-0.801428 2.225097 1.823199 1.168603 0.367175 
-0.800863 2.224290 1.822097 1.168462 0.367599 
-0.800298 2.223483 1.820996 1.168320 0.368023 
-0.799732 2.222676 1.819894 1.168179 0.368447 
-0.799167 2.221870 1.818794 1.168038 0.368871 
-0.798602 2.221063 1.817694 1.167896 0.369295 
-0.798036 2.220257 1.816594 1.167755 0.369719 
-0.797471 2.219451 1.815495 1.167614 0.370143 
-0.796906 2.218645 1.814397 1.167472 0.370567 
-0.796340 2.217840 1.813299 1.167331 0.370991 
-0.795775 2.217034 1.812201 1.167190 0.371415 
-0.795210 2.216229 1.811104 1.167048 0.371839 
-0.794644 2.215424 1.810008 1.166907 0.372262 
-0.794079 2.214619 1.808912 1.166766 0.372686 
-0.793514 2.213814 1.807817 1.166624 0.373110 
-0.792948 2.213010 1.806722 1.166483 0.373534 
-0.792383 2.212205 1.805628 1.166342 0.373958 
-0.791818 2.211401 1.804534 1.166200 0.374382 
-0.791253 2.210598 1.803441 1.166059 0.374806 
-0.790687 2.209794 1.802348 1.165918 0.375230 
-0.790122 2.208990 1.801256 1.165776 0.375654 
-0.789557 2.208187 1.800165 1.165635 0.376078 
-0.788991 2.207384 1.799074 1.165494 0.376502 
-0.788426 2.206581 1.797983 1.165352 0.376926 
-0.787861 2.205778 1.796893 1.165211 0.377350 
-0.787295 2.204976 1.795804 1.165070 0.377774 
-0.786730 2.204173 1.794715 1.164928 0.378198 
-0.786165 2.203371 1.793626 1.164787 0.378622 
-0.785599 2.202569 1.792538 1.164646 0.379046 
-0.785034 2.201768 1.791451 1.164504 0.379470 
-0.784469 2.200966 1.790364 1.164363 0.379894 
-0.783903 2.200165 1.789278 1.164222 0.380318 
-0.783338 2.199363 1.788192 1.164080 0.380742 
-0.782773 2.198563 1.787107 1.163939 0.381166 
-0.782207 2.197762 1.786022 1.163798 0.381590 
-0.781642 2.196961 1.784938 1.163656 0.382014 
-0.781077 2.196161 1.783854 1.163515 0.382438 
-0.780511 2.195361 1.782771 1.163374 0.382862 
-0.779946 2.194561 1.781689 1.163232 0.383286 
-0.779381 2.193761 1.780606 1.163091 0.383710 
-0.778816 2.192961 1.779525 1.162950 0.384134 
-0.778250 2.192162 1.778444 1.162808 0.384558 
-0.777685 2.191363 1.777363 1.162667 0.384982 
-0.777120 2.190564 1.776283 1.162526 0.385406 
-0.776554 2.189765 1.775204 1.162384 0.385830 
-0.775989 2.188966 1.774125 1.162243 0.386254 
-0.775424 2.188168 1.773047 1.162102 0.386678 
-0.774858 2.187369 1.771969 1.161960 0.387102 
-0.774293 2.186571 1.770891 1.161819 0.387526 
-0.773728 2.185773 1.769814 1.161678 0.387950 
-0.773162 2.184976 1.768738 1.161536 0.388374 
-0.772597 2.184178 1.767662 1.161395 0.388798 
-0.772032 2.183381 1.766587 1.161254 0.389222 
-0.771466 2.182584 1.765512 1.161112 0.389646 
-0.770901 2.181787 1.764438 1.160971 0.390070 
-0.770336 2.180990 1.763364 1.160830 0.390494 
-0.769770 2.180194 1.762291 1.160688 0.390918 
-0.769205 2.179398 1.761219 1.160547 0.391342 
-0.768640 2.178601 1.760146 1.160406 0.391766 
-0.768074 2.177806 1.759075 1.160264 0.392190 
-0.767509 2.177010 1.758004 1.160123 0.392614 
-0.766944 2.176214 1.756933 1.159982 0.393038 
-0.766379 2.175419 1.755863 1.159840 0.393462 
-0.765813 2.174624 1.754794 1.159699 0.393886 
-0.765248 2.173829 1.753725 1.159558 0.394310 
-0.764683 2.173034 1.752656 1.159416 0.394734 
-0.764117 2.172239 1.751588 1.159275 0.395158 
-0.763552 2.171445 1.750521 1.159134 0.395582 
-0.762987 2.170651 1.749454 1.158992 0.396006 
-0.762421 2.169857 1.748387 1.158851 0.396430 
-0.761856 2.169063 1.747322 1.158710 0.396854 
-0.761291 2.168270 1.746256 1.158568 0.397278 
-0.760725 2.167476 1.745191 1.158427 0.397702 
-0.760160 2.166683 1.744127 1.158286 0.398126 
-0.759595 2.165890 1.743063 1.158145 0.398550 
-0.759029 2.165097 1.742000 1.158003 0.398974 
-0.758464 2.164304 1.740937 1.157862 0.399398 
-0.757899 2.163512 1.739875 1.157721 0.399822 
-0.757333 2.162720 1.738813 1.157579 0.400246 
-0.756768 2.161928 1.737752 1.157438 0.400670 
-0.756203 2.161136 1.736691 1.157297 0.401094 
-0.755637 2.160344 1.735631 1.157155 0.401518 
-0.755072 2.159553 1.734571 1.157014 0.401942 
-0.754507 2.158762 1.733512 1.156873 0.402366 
-0.753941 2.157970 1.732454 1.156731 0.402790 
-0.753376 2.157180 1.731396 1.156590 0.403214 
-0.752811 2.156389 1.730338 1.156449 0.403638 
-0.752246 2.155598 1.729281 1.156307 0.404062 
-0.751680 2.154808 1.728224 1.156166 0.404486 
-0.751115 2.154018 1.727168 1.156025 0.404910 
-0.750550 2.153228 1.726113 1.155883 0.405334 
-0.749984 2.152438 1.725058 1.155742 0.405758 
-0.749419 2.151649 1.724003 1.155601 0.406182 
-0.748854 2.150859 1.722949 1.155459 0.406606 
-0.748288 2.150070 1.721896 1.155318 0.407030 
-0.747723 2.149281 1.720843 1.155177 0.407454 
-0.747158 2.148493 1.719791 1.155035 0.407878 
-0.746592 2.147704 1.718739 1.154894 0.408302 
-0.746027 2.146916 1.717687 1.154753 0.408726 
-0.745462 2.146127 1.716636 1.154611 0.409150 
-0.744896 2.145339 1.715586 1.154470 0.409574 
-0.744331 2.144552 1.714536 1.154329 0.409998 
-0.743766 2.143764 1.713487 1.154187 0.410422 
-0.743200 2.142977 1.712438 1.154046 0.410846 
-0.742635 2.142189 1.711390 1.153905 0.411269 
-0.742070 2.141402 1.710342 1.153763 0.411693 
-0.741504 2.140616 1.709295 1.153622 0.412117 
-0.740939 2.139829 1.708248 1.153481 0.412541 
-0.740374 2.139042 1.707202 1.153339 0.412965 
-0.739809 2.138256 1.706156 1.153198 0.413389 
-0.739243 2.137470 1.705111 1.153057 0.413813 
-0.738678 2.136684 1.704066 1.152915 0.414237 
-0.738113 2.135899 1.703022 1.152774 0.414661 
-0.737547 2.135113 1.701978 1.152633 0.415085 
-0.736982 2.134328 1.700935 1.152491 0.415509 
-0.736417 2.133543 1.699892 1.152350 0.415933 
-0.735851 2.132758 1.698850 1.152209 0.416357 
-0.735286 2.131973 1.697808 1.152067 0.416781 
-0.734721 2.131189 1.696767 1.151926 0.417205 
-0.734155 2.130404 1.695727 1.151785 0.417629 
-0.733590 2.129620 1.694687 1.151643 0.418053 
-0.733025 2.128836 1.693647 1.151502 0.418477 
-0.732459 2.128052 1.692608 1.151361 0.418901 
-0.731894 2.127269 1.691569 1.151219 0.419325 
-0.731329 2.126485 1.690531 1.151078 0.419749 
-0.730763 2.125702 1.689494 1.150937 0.420173 
-0.730198 2.124919 1.688457 1.150795 0.420597 
-0.729633 2.124136 1.687420 1.150654 0.421021 
-0.729067 2.123354 1.686384 1.150513 0.421445 
-0.728502 2.122571 1.685348 1.150371 0.421869 
-0.727937 2.121789 1.684313 1.150230 0.422293 
-0.727372 2.121007 1.683279 1.150089 0.422717 
-0.726806 2.120225 1.682245 1.149947 0.423141 
-0.726241 2.119444 1.681211 1.149806 0.423565 
-0.725676 2.118662 1.680178 1.149665 0.423989 
0.423989 2.118662 1.680178 1.149665 0.423989 
0.423989 1.359238 1.680178 1.435339 0.423989 
1.604235 1.359238 1.680178 1.435339 0.423989 
1.604235 1.359238 1.680178 1.435339 0.423989 
1.604235 1.359238 1.680178 1.435339 0.423989 
1.604235 1.359238 1.680178 1.435339 0.423989 
1.604235 1.359238 1.680178 1.435339 0.423989 
1.604235 1.359238 1.680178 1.435339 0.423989 
1.604235 1.359238 1.680178 1.435339 0.423989 
1.604235 1.359238 1.680178 1.435339 0.423989 
1.604235 1.359238 1.680178 1.435339 0.423989 
1.604235 1.359238 1.680178 1.435339 0.423989 
1.604235 1.359238 1.680178 1.435339 0.423989 
1.604235 1.359238 1.680178 1.435339 0.423989 
1.604235 1.359238 1.680178 1.435339 0.423989 
1.604235 1.359238 1.680178 1.435339 0.423989 
1.604235 1.359238 1.680178 1.435339 0.423989 
1.604235 1.359238 1.680178 1.435339 0.423989 
1.604235 1.359238 1.680178 1.435339 0.423989 
1.604235 1.359238 1.680178 1.435339 0.423989 
1.604235 1.359238 1.680178 1.435339 0.423989 
1.604235 1.359238 1.680178 1.435339 0.423989 
1.604235 1.359238 1.680178 1.435339 0.423989 
1.604235 1.359238 1.680178 1.435339 0.423989 
1.604235 1.359238 1.680178 1.435339 0.423989 
1.604235 1.359238 1.680178 1.435339 0.423989 
1.604235 1.359238 1.680178 1.435339 0.423989 
1.604235 1.359238 1.680178 1.435339 0.423989 
1.604235 1.359238 1.680178 1.435339 0.423989 
1.604235 1.359238 1.680178 1.435339 0.423989 
1.604235 1.359238 1.680178 1.435339 0.423989 
1.604235 1.359238 1.680178 1.435339 0.423989 
1.604235 1.359238 1.680178 1.435339 0.423989 
1.604235 1.359238 1.680178 1.435339 0.423989 
1.604235 1.359238 1.680178 1.435339 0.423989 
1.604235 1.359238 1.680178 1.435339 0.423989 
1.604235 1.359238 1.680178 1.435339 0.423989 
1.604235 1.359238 1.680178 1.435339 0.423989 
1.604235 1.359238 1.680178 1.435339 0.423989 
1.604235 1.359238 1.680178 1.435339 0.423989 
1.604235 1.359238 1.680178 1.435339 0.423989 
1.604235 1.359238 1.680178 1.435339 0.423989 
1.604235 1.359238 1.680178 1.435339 0.423989 
1.604235 1.359238 1.680178 1.435339 0.423989 
1.604235 1.359238 1.680178 1.435339 0.423989 
1.604235 1.359238 1.680178 1.435339 0.423989 
1.604235 1.359238 1.680178 1.435339 0.423989 
1.604235 1.359238 1.680178 1.435339 0.423989 
1.604235 1.359238 1.680178 1.435339 0.423989 
1.604235 1.359238 1.680178 1.435339 0.423989 
1.604235 1.359238 1.680178 1.435339 0.423989 
1.604235 1.359238 1.680178 1.435339 0.423989 
1.604235 1.359238 1.680178 1.435339 0.423989 
1.604235 1.359238 1.680178 1.435339 0.423989 
1.604235 1.359238 1.680178 1.435339 0.423989 
1.604235 1.359238 1.680178 1.435339 0.423989 
1.604235 1.359238 1.680178 1.435339 0.423989 
1.604235 1.359238 1.680178 1.435339 0.423989 
1.604235 1.359238 1.680178 1.435339 0.423989 
1.604235 1.359238 1.680178 1.435339 0.423989 
1.604235 1.359238 1.680178 1.435339 0.423989 
1.604235 1.359238 1.680178 1.435339 0.423989 
1.604235 1.359238 1.680178 1.435339 0.423989 
1.604235 1.359238 1.680178 1.435339 0.423989 
1.604235 1.359238 1.680178 1.435339 0.423989 
1.604235 1.359238 1.680178 1.435339 0.423989 
1.604235 1.359238 1.680178 1.435339 0.423989 
1.604235 1.359238 1.680178 1.435339 0.423989 
1.604235 1.359238 1.680178 1.435339 0.423989 
1.604235 1.359238 1.680178 1.435339 0.423989 
1.604235 1.359238 1.680178 1.435339 0.423989 
1.604235 1.359238 1.680178 1.435339 0.423989 
1.604235 1.359238 1.680178 1.435339 0.423989 
1.604235 1.359238 1.680178 1.435339 0.423989 
1.604235 1.359238 1.680178 1.435339 0.423989 
1.604235 1.359238 1.680178 1.435339 0.423989 
1.604235 1.359238 1.680178 1.435339 0.423989 
1.604235 1.359238 1.680178 1.435339 0.423989 
1.604235 1.359238 1.680178 1.435339 0.423989 
1.604235 1.359238 1.680178 1.435339 0.423989 
1.604235 1.359238 1.680178 1.435339 0.423989 
1.604235 1.359238 1.680178 1.435339 0.423989 
1.604235 1.359238 1.680178 1.435339 0.423989 
1.604235 1.359238 1.680178 1.435339 0.423989 
1.604235 1.359238 1.680178 1.435339 0.423989 
1.604235 1.359238 1.680178 1.435339 0.423989 
1.604235 1.359238 1.680178 1.435339 0.423989 
1.604235 1.359238 1.680178 1.435339 0.423989 
1.604235 1.359238 1.680178 1.435339 0.423989 
1.604235 1.359238 1.680178 1.435339 0.423989 
1.604235 1.359238 1.680178 1.435339 0.423989 
1.604235 1.359238 1.680178 1.435339 0.423989 
1.604235 1.359238 1.680178 1.435339 0.423989 
1.604235 1.359238 1.680178 1.435339 0.423989 
1.604235 1.359238 1.680178 1.435339 0.423989 
1.604235 1.359238 1.680178 1.435339 0.423989 
1.604235 1.359238 1.680178 1.435339 0.423989 
1.604235 1.359238 1.680178 1.435339 0.423989 
1.604235 1.359238 1.680178 1.435339 0.423989 
1.604235 1.359238 1.680178 1.435339 0.423989 
1.604235 1.359238 1.680178 1.435339 0.423989 
1.604235 1.359238 1.680178 1.435339 0.423989 
1.604235 1.359238 1.680178 1.435339 0.423989 
1.604235 1.359238 1.680178 1.435339 0.423989 
1.604235 1.359238 1.680178 1.435339 0.423989 
1.604235 1.359238 1.680178 1.435339 0.423989 
1.604235 1.359238 1.680178 1.435339 0.423989 
1.604235 1.359238 1.680178 1.435339 0.423989 
1.604235 1.359238 1.680178 1.435339 0.423989 
1.604235 1.359238 1.680178 1.435339 0.423989 
1.604235 1.359238 1.680178 1.435339 0.423989 
1.604235 1.359238 1.680178 1.435339 0.423989 
1.604235 1.359238 1.680178 1.435339 0.423989 
1.604235 1.359238 1.680178 1.435339 0.423989 
1.604235 1.359238 1.680178 1.435339 0.423989 
1.604235 1.359238 1.680178 1.435339 0.423989 
1.604235 1.359238 1.680178 1.435339 0.423989 
1.604235 1.359238 1.680178 1.435339 0.423989 
1.604235 1.359238 1.680178 1.435339 0.423989 
1.604235 1.359238 1.680178 1.435339 0.423989 
1.604235 1.359238 1.680178 1.435339 0.423989 
1.604235 1.359238 1.680178 1.435339 0.423989 
1.604235 1.359238 1.680178 1.435339 0.423989 
1.604235 1.359238 1.680178 1.435339 0.423989 
1.604235 1.359238 1.680178 1.435339 0.423989 
1.604235 1.359238 1.680178 1.435339 0.423989 
1.604235 1.359238 1.680178 1.435339 0.423989 
1.604235 1.359238 1.680178 1.435339 0.423989 
1.604235 1.359238 1.680178 1.435339 0.423989 
1.604235 1.359238 1.680178 1.435339 0.423989 
1.604235 1.359238 1.680178 1.435339 0.423989 
1.604235 1.359238 1.680178 1.435339 0.423989 
1.604235 1.359238 1.680178 1.435339 0.423989 
1.604235 1.359238 1.680178 1.435339 0.423989 
1.604235 1.359238 1.680178 1.435339 0.423989 
1.604235 1.359238 1.680178 1.435339 0.423989 
1.604235 1.359238 1.680178 1.435339 0.423989 
1.604235 1.359238 1.680178 1.435339 0.423989 
1.604235 1.359238 1.680178 1.435339 0.423989 
1.604235 1.359238 1.680178 1.435339 0.423989 
1.604235 1.359238 1.680178 1.435339 0.423989 
1.604235 1.359238 1.680178 1.435339 0.423989 
1.604235 1.359238 1.680178 1.435339 0.423989 
1.604235 1.359238 1.680178 1.435339 0.423989 
1.604235 1.359238 1.680178 1.435339 0.423989 
1.604235 1.359238 1.680178 1.435339 0.423989 
1.604235 1.359238 1.680178 1.435339 0.423989 
1.604235 1.359238 1.680178 1.435339 0.423989 
1.604235 1.359238 1.680178 1.435339 0.423989 
1.604235 1.359238 1.680178 1.435339 0.423989 
1.604235 1.359238 1.680178 1.435339 0.423989 
1.604235 1.359238 1.680178 1.435339 0.423989 
1.604235 1.359238 1.680178 1.435339 0.423989 
1.604235 1.359238 1.680178 1.435339 0.423989 
1.604235 1.359238 1.680178 1.435339 0.423989 
1.604235 1.359238 1.680178 1.435339 0.423989 
1.604235 1.359238 1.680178 1.435339 0.423989 
1.604235 1.359238 1.680178 1.435339 0.423989 
1.604235 1.359238 1.680178 1.435339 0.423989 
1.604235 1.359238 1.680178 1.435339 0.423989 
1.604235 1.359238 1.680178 1.435339 0.423989 
1.604235 1.359238 1.680178 1.435339 0.423989 
1.604235 1.359238 1.680178 1.435339 0.423989 
1.604235 1.359238 1.680178 1.435339 0.423989 
1.604235 1.359238 1.680178 1.435339 0.423989 
1.604235 1.359238 1.680178 1.435339 0.423989 
1.604235 1.359238 1.680178 1.435339 0.423989 
1.604235 1.359238 1.680178 1.435339 0.423989 
1.604235 1.359238 1.680178 1.435339 0.423989 
1.604235 1.359238 1.680178 1.435339 0.423989 
1.604235 1.359238 1.680178 1.435339 0.423989 
1.604235 1.359238 1.680178 1.435339 0.423989 
1.604235 1.359238 1.680178 1.435339 0.423989 
1.604235 1.359238 1.680178 1.435339 0.423989 
1.604235 1.359238 1.680178 1.435339 0.423989 
1.604235 1.359238 1.680178 1.435339 0.423989 
1.604235 1.359238 1.680178 1.435339 0.423989 
1.604235 1.359238 1.680178 1.435339 0.423989 
1.604235 1.359238 1.680178 1.435339 0.423989 
1.604235 1.359238 1.680178 1.435339 0.423989 
1.604235 1.359238 1.680178 1.435339 0.423989 
1.604235 1.359238 1.680178 1.435339 0.423989 
1.604235 1.359238 1.680178 1.435339 0.423989 
1.604235 1.359238 1.680178 1.435339 0.423989 
1.604235 1.359238 1.680178 1.435339 0.423989 
1.604235 1.359238 1.680178 1.435339 0.423989 
1.604235 1.359238 1.680178 1.435339 0.423989 
1.604235 1.359238 1.680178 1.435339 0.423989 
1.604235 1.359238 1.680178 1.435339 0.423989 
1.604235 1.359238 1.680178 1.435339 0.423989 
1.604235 1.359238 1.680178 1.435339 0.423989 
1.604235 1.359238 1.680178 1.435339 0.423989 
1.604235 1.359238 1.680178 1.435339 0.423989 
1.604235 1.359238 1.680178 1.435339 0.423989 
1.604235 1.359238 1.680178 1.435339 0.423989 
1.604235 1.359238 1.680178 1.435339 0.423989 
1.604235 1.359238 1.680178 1.435339 0.423989 
1.604235 1.359238 1.680178 1.435339 0.423989 
1.604235 1.359238 1.680178 1.435339 0.423989 
1.604235 1.359238 1.680178 1.435339 0.423989 
1.604235 1.359238 1.680178 1.435339 0.423989 
1.604235 1.359238 1.680178 1.435339 0.423989 
1.604235 1.359238 1.680178 1.435339 0.423989 
1.604235 1.359238 1.680178 1.435339 0.423989 
1.604235 1.359238 1.680178 1.435339 0.423989 
1.604235 1.359238 1.680178 1.435339 0.423989 
1.604235 1.359238 1.680178 1.435339 0.423989 
1.604235 1.359238 1.680178 1.435339 0.423989 
1.604235 1.359238 1.680178 1.435339 0.423989 
1.604235 1.359238 1.680178 1.435339 0.423989 
1.604235 1.359238 1.680178 1.435339 0.423989 
1.604235 1.359238 1.680178 1.435339 0.423989 
1.604235 1.359238 1.680178 1.435339 0.423989 
1.604235 1.359238 1.680178 1.435339 0.423989 
1.604235 1.359238 1.680178 1.435339 0.423989 
1.604235 1.359238 1.680178 1.435339 0.423989 
1.604235 1.359238 1.680178 1.435339 0.423989 
1.604235 1.359238 1.680178 1.435339 0.423989 
1.604235 1.359238 1.680178 1.435339 0.423989 
1.604235 1.359238 1.680178 1.435339 0.423989 
1.604235 1.359238 1.680178 1.435339 0.423989 
1.604235 1.359238 1.680178 1.435339 0.423989 
1.604235 1.359238 1.680178 1.435339 0.423989 
1.604235 1.359238 1.680178 1.435339 0.423989 
1.604235 1.359238 1.680178 1.435339 0.423989 
1.604235 1.359238 1.680178 1.435339 0.423989 
1.604235 1.359238 1.680178 1.435339 0.423989 
1.604235 1.359238 1.680178 1.435339 0.423989 
1.604235 1.359238 1.680178 1.435339 0.423989 
1.604235 1.359238 1.680178 1.435339 0.423989 
1.604235 1.359238 1.680178 1.435339 0.423989 
1.604235 1.359238 1.680178 1.435339 0.423989 
1.604235 1.359238 1.680178 1.435339 0.423989 
1.604235 1.359238 1.680178 1.435339 0.423989 
1.604235 1.359238 1.680178 1.435339 0.423989 
1.604235 1.359238 1.680178 1.435339 0.423989 
1.604235 1.359238 1.680178 1.435339 0.423989 
1.604235 1.359238 1.680178 1.435339 0.423989 
1.604235 1.359238 1.680178 1.435339 0.423989 
1.604235 1.359238 1.680178 1.435339 0.423989 
1.604235 1.359238 1.680178 1.435339 0.423989 
1.604235 1.359238 1.680178 1.435339 0.423989 
1.604235 1.359238 1.680178 1.435339 0.423989 
1.604235 1.359238 1.680178 1.435339 0.423989 
1.604235 1.359238 1.680178 1.435339 0.423989 
1.604235 1.359238 1.680178 1.435339 0.423989 
1.604235 1.359238 1.680178 1.435339 0.423989 
1.604235 1.359238 1.680178 1.435339 0.423989 
1.604235 1.359238 1.680178 1.435339 0.423989 
1.604235 1.359238 1.680178 1.435339 0.423989 
1.604235 1.359238 1.680178 1.435339 0.423989 
1.604235 1.359238 1.680178 1.435339 0.423989 
1.604235 1.359238 1.680178 1.435339 0.423989 
1.604235 1.359238 1.680178 1.435339 0.423989 
1.604235 1.359238 1.680178 1.435339 0.423989 
1.604235 1.359238 1.680178 1.435339 0.423989 
1.604235 1.359238 1.680178 1.435339 0.423989 
1.604235 1.359238 1.680178 1.435339 0.423989 
1.604235 1.359238 1.680178 1.435339 0.423989 
1.604235 1.359238 1.680178 1.435339 0.423989 
1.604235 1.359238 1.680178 1.435339 0.423989 
1.604235 1.359238 1.680178 1.435339 0.423989 
1.604235 1.359238 1.680178 1.435339 0.423989 
1.604235 1.359238 1.680178 1.435339 0.423989 
1.604235 1.359238 1.680178 1.435339 0.423989 
1.604235 1.359238 1.680178 1.435339 0.423989 
1.604235 1.359238 1.680178 1.435339 0.423989 
1.604235 1.359238 1.680178 1.435339 0.423989 
1.604235 1.359238 1.680178 1.435339 0.423989 
1.604235 1.359238 1.680178 1.435339 0.423989 
1.604235 1.359238 1.680178 1.435339 0.423989 
1.604235 1.359238 1.680178 1.435339 0.423989 
1.604235 1.359238 1.680178 1.435339 0.423989 
1.604235 1.359238 1.680178 1.435339 0.423989 
1.604235 1.359238 1.680178 1.435339 0.423989 
1.604235 1.359238 1.680178 1.435339 0.423989 
1.604235 1.359238 1.680178 1.435339 0.423989 
1.604235 1.359238 1.680178 1.435339 0.423989 
1.604235 1.359238 1.680178 1.435339 0.423989 
1.604235 1.359238 1.680178 1.435339 0.423989 
1.604235 1.359238 1.680178 1.435339 0.423989 
1.604235 1.359238 1.680178 1.435339 0.423989 
1.604235 1.359238 1.680178 1.435339 0.423989 
1.604235 1.359238 1.680178 1.435339 0.423989 
1.604235 1.359238 1.680178 1.435339 0.423989 
1.604235 1.359238 1.680178 1.435339 0.423989 
1.604235 1.359238 1.680178 1.435339 0.423989 
1.604235 1.359238 1.680178 1.435339 0.423989 
1.604235 1.359238 1.680178 1.435339 0.423989 
1.604235 1.359238 1.680178 1.435339 0.423989 
1.604235 1.359238 1.680178 1.435339 0.423989 
1.604235 1.359238 1.680178 1.435339 0.423989 
1.604235 1.359238 1.680178 1.435339 0.423989 
1.604235 1.359238 1.680178 1.435339 0.423989 
1.604235 1.359238 1.680178 1.435339 0.423989 
1.604235 1.359238 1.680178 1.435339 0.423989 
1.604235 1.359238 1.680178 1.435339 0.423989 
1.604235 1.359238 1.680178 1.435339 0.423989 
1.604235 1.359238 1.680178 1.435339 0.423989 
1.604235 1.359238 1.680178 1.435339 0.423989 
1.604235 1.359238 1.680178 1.435339 0.423989 
1.604235 1.359238 1.680178 1.435339 0.423989 
1.604235 1.359238 1.680178 1.435339 0.423989 
1.604235 1.359238 1.680178 1.435339 0.423989 
1.604235 1.359238 1.680178 1.435339 0.423989 
1.604235 1.359238 1.680178 1.435339 0.423989 
1.604235 1.359238 1.680178 1.435339 0.423989 
1.604235 1.359238 1.680178 1.435339 0.423989 
1.604235 1.359238 1.680178 1.435339 0.423989 
1.604235 1.359238 1.680178 1.435339 0.423989 
1.604235 1.359238 1.680178 1.435339 0.423989 
1.604235 1.359238 1.680178 1.435339 0.423989 
1.604235 1.359238 1.680178 1.435339 0.423989 
1.604235 1.359238 1.680178 1.435339 0.423989 
1.604235 1.359238 1.680178 1.435339 0.423989 
1.604235 1.359238 1.680178 1.435339 0.423989 
1.604235 1.359238 1.680178 1.435339 0.423989 
1.604235 1.359238 1.680178 1.435339 0.423989 
1.604235 1.359238 1.680178 1.435339 0.423989 
1.604235 1.359238 1.680178 1.435339 0.423989 
1.604235 1.359238 1.680178 1.435339 0.423989 
1.604235 1.359238 1.680178 1.435339 0.423989 
1.604235 1.359238 1.680178 1.435339 0.423989 
1.604235 1.359238 1.680178 1.435339 0.423989 
1.604235 1.359238 1.680178 1.435339 0.423989 
1.604235 1.359238 1.680178 1.435339 0.423989 
1.604235 1.359238 1.680178 1.435339 0.423989 
1.604235 1.359238 1.680178 1.435339 0.423989 
1.604235 1.359238 1.680178 1.435339 0.423989 
1.604235 1.359238 1.680178 1.435339 0.423989 
1.604235 1.359238 1.680178 1.435339 0.423989 
1.604235 1.359238 1.680178 1.435339 0.423989 
1.604235 1.359238 1.680178 1.435339 0.423989 
1.604235 1.359238 1.680178 1.435339 0.423989 
1.604235 1.359238 1.680178 1.435339 0.423989 
1.604235 1.359238 1.680178 1.435339 0.423989 
1.604235 1.359238 1.680178 1.435339 0.423989 
1.604235 1.359238 1.680178 1.435339 0.423989 
1.604235 1.359238 1.680178 1.435339 0.423989 
1.604235 1.359238 1.680178 1.435339 0.423989 
1.604235 1.359238 1.680178 1.435339 0.423989 
1.604235 1.359238 1.680178 1.435339 0.423989 
1.604235 1.359238 1.680178 1.435339 0.423989 
1.604235 1.359238 1.680178 1.435339 0.423989 
1.604235 1.359238 1.680178 1.435339 0.423989 
1.604235 1.359238 1.680178 1.435339 0.423989 
1.604235 1.359238 1.680178 1.435339 0.423989 
1.604235 1.359238 1.680178 1.435339 0.423989 
1.604235 1.359238 1.680178 1.435339 0.423989 
1.604235 1.359238 1.680178 1.435339 0.423989 
1.604235 1.359238 1.680178 1.435339 0.423989 
1.604235 1.359238 1.680178 1.435339 0.423989 
1.604235 1.359238 1.680178 1.435339 0.423989 
1.604235 1.359238 1.680178 1.435339 0.423989 
1.604235 1.359238 1.680178 1.435339 0.423989 
1.604235 1.359238 1.680178 1.435339 0.423989 
1.604235 1.359238 1.680178 1.435339 0.423989 
1.604235 1.359238 1.680178 1.435339 0.423989 
1.604235 1.359238 1.680178 1.435339 0.423989 
1.604235 1.359238 1.680178 1.435339 0.423989 
1.604235 1.359238 1.680178 1.435339 0.423989 
1.604235 1.359238 1.680178 1.435339 0.423989 
1.604235 1.359238 1.680178 1.435339 0.423989 
1.604235 1.359238 1.680178 1.435339 0.423989 
1.604235 1.359238 1.680178 1.435339 0.423989 
1.604235 1.359238 1.680178 1.435339 0.423989 
1.604235 1.359238 1.680178 1.435339 0.423989 
1.604235 1.359238 1.680178 1.435339 0.423989 
1.604235 1.359238 1.680178 1.435339 0.423989 
1.604235 1.359238 1.680178 1.435339 0.423989 
1.604235 1.359238 1.680178 1.435339 0.423989 
1.604235 1.359238 1.680178 1.435339 0.423989 
1.604235 1.359238 1.680178 1.435339 0.423989 
1.604235 1.359238 1.680178 1.435339 0.423989 
1.604235 1.359238 1.680178 1.435339 0.423989 
1.604235 1.359238 1.680178 1.435339 0.423989 
1.604235 1.359238 1.680178 1.435339 0.423989 
1.604235 1.359238 1.680178 1.435339 0.423989 
1.604235 1.359238 1.680178 1.435339 0.423989 
1.604235 1.359238 1.680178 1.435339 0.423989 
1.604235 1.359238 1.680178 1.435339 0.423989 
1.604235 1.359238 1.680178 1.435339 0.423989 
1.604235 1.359238 1.680178 1.435339 0.423989 
1.604235 1.359238 1.680178 1.435339 0.423989 
1.604235 1.359238 1.680178 1.435339 0.423989 
1.604235 1.359238 1.680178 1.435339 0.423989 
1.604235 1.359238 1.680178 1.435339 0.423989 
1.604235 1.359238 1.680178 1.435339 0.423989 
1.604235 1.359238 1.680178 1.435339 0.423989 
1.604235 1.359238 1.680178 1.435339 0.423989 
1.604235 1.359238 1.680178 1.435339 0.423989 
1.604235 1.359238 1.680178 1.435339 0.423989 
1.604235 1.359238 1.680178 1.435339 0.423989 
1.604235 1.359238 1.680178 1.435339 0.423989 
1.604235 1.359238 1.680178 1.435339 0.423989 
1.604235 1.359238 1.680178 1.435339 0.423989 
1.604235 1.359238 1.680178 1.435339 0.423989 
1.604235 1.359238 1.680178 1.435339 0.423989 
1.604235 1.359238 1.680178 1.435339 0.423989 
1.604235 1.359238 1.680178 1.435339 0.423989 
1.604235 1.359238 1.680178 1.435339 0.423989 
1.604235 1.359238 1.680178 1.435339 0.423989 
1.604235 1.359238 1.680178 1.435339 0.423989 
1.604235 1.359238 1.680178 1.435339 0.423989 
1.604235 1.359238 1.680178 1.435339 0.423989 
1.604235 1.359238 1.680178 1.435339 0.423989 
1.604235 1.359238 1.680178 1.435339 0.423989 
1.604235 1.359238 1.680178 1.435339 0.423989 
1.604235 1.359238 1.680178 1.435339 0.423989 
1.604235 1.359238 1.680178 1.435339 0.423989 
1.604235 1.359238 1.680178 1.435339 0.423989 
1.604235 1.359238 1.680178 1.435339 0.423989 
1.604235 1.359238 1.680178 1.435339 0.423989 
1.604235 1.359238 1.680178 1.435339 0.423989 
1.604235 1.359238 1.680178 1.435339 0.423989 
1.604235 1.359238 1.680178 1.435339 0.423989 
1.604235 1.359238 1.680178 1.435339 0.423989 
1.604235 1.359238 1.680178 1.435339 0.423989 
1.604235 1.359238 1.680178 1.435339 0.423989 
1.604235 1.359238 1.680178 1.435339 0.423989 
1.604235 1.359238 1.680178 1.435339 0.423989 
1.604235 1.359238 1.680178 1.435339 0.423989 
1.604235 1.359238 1.680178 1.435339 0.423989 
1.604235 1.359238 1.680178 1.435339 0.423989 
1.604235 1.359238 1.680178 1.435339 0.423989 
1.604235 1.359238 1.680178 1.435339 0.423989 
1.604235 1.359238 1.680178 1.435339 0.423989 
1.604235 1.359238 1.680178 1.435339 0.423989 
1.604235 1.359238 1.680178 1.435339 0.423989 
1.604235 1.359238 1.680178 1.435339 0.423989 
1.604235 1.359238 1.680178 1.435339 0.423989 
1.604235 1.359238 1.680178 1.435339 0.423989 
1.604235 1.359238 1.680178 1.435339 0.423989 
1.604235 1.359238 1.680178 1.435339 0.423989 
1.604235 1.359238 1.680178 1.435339 0.423989 
1.604235 1.359238 1.680178 1.435339 0.423989 
1.604235 1.359238 1.680178 1.435339 0.423989 
1.604235 1.359238 1.680178 1.435339 0.423989 
1.604235 1.359238 1.680178 1.435339 0.423989 
1.604235 1.359238 1.680178 1.435339 0.423989 
1.604235 1.359238 1.680178 1.435339 0.423989 
1.604235 1.359238 1.680178 1.435339 0.423989 
1.604235 1.359238 1.680178 1.435339 0.423989 
1.604235 1.359238 1.680178 1.435339 0.423989 
1.604235 1.359238 1.680178 1.435339 0.423989 
1.604235 1.359238 1.680178 1.435339 0.423989 
1.604235 1.359238 1.680178 1.435339 0.423989 
1.604235 1.359238 1.680178 1.435339 0.423989 
1.604235 1.359238 1.680178 1.435339 0.423989 
1.604235 1.359238 1.680178 1.435339 0.423989 
1.604235 1.359238 1.680178 1.435339 0.423989 
1.604235 1.359238 1.680178 1.435339 0.423989 
1.604235 1.359238 1.680178 1.435339 0.423989 
1.604235 1.359238 1.680178 1.435339 0.423989 
1.604235 1.359238 1.680178 1.435339 0.423989 
1.604235 1.359238 1.680178 1.435339 0.423989 
1.604235 1.359238 1.680178 1.435339 0.423989 
1.604235 1.359238 1.680178 1.435339 0.423989 
1.604235 1.359238 1.680178 1.435339 0.423989 
1.604235 1.359238 1.680178 1.435339 0.423989 
1.604235 1.359238 1.680178 1.435339 0.423989 
1.604235 1.359238 1.680178 1.435339 0.423989 
1.604235 1.359238 1.680178 1.435339 0.423989 
1.604235 1.359238 1.680178 1.435339 0.423989 
1.604235 1.359238 1.680178 1.435339 0.423989 
1.604235 1.359238 1.680178 1.435339 0.423989 
1.604235 1.359238 1.680178 1.435339 0.423989 
1.604235 1.359238 1.680178 1.435339 0.423989 
1.604235 1.359238 1.680178 1.435339 0.423989 
1.604235 1.359238 1.680178 1.435339 0.423989 
1.604235 1.359238 1.680178 1.435339 0.423989 
1.604235 1.359238 1.680178 1.435339 0.423989 
1.604235 1.359238 1.680178 1.435339 0.423989 
1.604235 1.359238 1.680178 1.435339 0.423989 
1.604235 1.359238 1.680178 1.435339 0.423989 
1.604235 1.359238 1.680178 1.435339 0.423989 
1.604235 1.359238 1.680178 1.435339 0.423989 
1.604235 1.359238 1.680178 1.435339 0.423989 
1.604235 1.359238 1.680178 1.435339 0.423989 
1.604235 1.359238 1.680178 1.435339 0.423989 
1.604235 1.359238 1.680178 1.435339 0.423989 
1.604235 1.359238 1.680178 1.435339 0.423989 
1.604235 1.359238 1.680178 1.435339 0.423989 
1.604235 1.359238 1.680178 1.435339 0.423989 
1.604235 1.359238 1.680178 1.435339 0.423989 
1.604235 1.359238 1.680178 1.435339 0.423989 
1.604235 1.359238 1.680178 1.435339 0.423989 
1.604235 1.359238 1.680178 1.435339 0.423989 
1.604235 1.359238 1.680178 1.435339 0.423989 
1.604235 1.359238 1.680178 1.435339 0.423989 
1.604235 1.359238 1.680178 1.435339 0.423989 
1.604235 1.359238 1.680178 1.435339 0.423989 
1.604235 1.359238 1.680178 1.435339 0.423989 
1.604235 1.359238 1.680178 1.435339 0.423989 
1.604235 1.359238 1.680178 1.435339 0.423989 
1.604235 1.359238 1.680178 1.435339 0.423989 
1.604235 1.359238 1.680178 1.435339 0.423989 
1.604235 1.359238 1.680178 1.435339 0.423989 
1.604235 1.359238 1.680178 1.435339 0.423989 
1.604235 1.359238 1.680178 1.435339 0.423989 
1.604235 1.359238 1.680178 1.435339 0.423989 
1.604235 1.359238 1.680178 1.435339 0.423989 
1.604235 1.359238 1.680178 1.435339 0.423989 
1.604235 1.359238 1.680178 1.435339 0.423989 
1.604235 1.359238 1.680178 1.435339 0.423989 
1.604235 1.359238 1.680178 1.435339 0.423989 
1.604235 1.359238 1.680178 1.435339 0.423989 
1.604235 1.359238 1.680178 1.435339 0.423989 
1.604235 1.359238 1.680178 1.435339 0.423989 
1.604235 1.359238 1.680178 1.435339 0.423989 
1.604235 1.359238 1.680178 1.435339 0.423989 
1.604235 1.359238 1.680178 1.435339 0.423989 
1.604235 1.359238 1.680178 1.435339 0.423989 
1.604235 1.359238 1.680178 1.435339 0.423989 
1.604235 1.359238 1.680178 1.435339 0.423989 
1.604235 1.359238 1.680178 1.435339 0.423989 
1.604235 1.359238 1.680178 1.435339 0.423989 
1.604235 1.359238 1.680178 1.435339 0.423989 
1.604235 1.359238 1.680178 1.435339 0.423989 
1.604235 1.359238 1.680178 1.435339 0.423989 
1.604235 1.359238 1.680178 1.435339 0.423989 
1.604235 1.359238 1.680178 1.435339 0.423989 
1.604235 1.359238 1.680178 1.435339 0.423989 
1.604235 1.359238 1.680178 1.435339 0.423989 
1.604235 1.359238 1.680178 1.435339 0.423989 
1.604235 1.359238 1.680178 1.435339 0.423989 
1.604235 1.359238 1.680178 1.435339 0.423989 
1.604235 1.359238 1.680178 1.435339 0.423989 
1.604235 1.359238 1.680178 1.435339 0.423989 
1.604235 1.359238 1.680178 1.435339 0.423989 
1.604235 1.359238 1.680178 1.435339 0.423989 
1.604235 1.359238 1.680178 1.435339 0.423989 
1.604235 1.359238 1.680178 1.435339 0.423989 
1.604235 1.359238 1.680178 1.435339 0.423989 
1.604235 1.359238 1.680178 1.435339 0.423989 
1.604235 1.359238 1.680178 1.435339 0.423989 
1.604235 1.359238 1.680178 1.435339 0.423989 
1.604235 1.359238 1.680178 1.435339 0.423989 
1.604235 1.359238 1.680178 1.435339 0.423989 
1.604235 1.359238 1.680178 1.435339 0.423989 
1.604235 1.359238 1.680178 1.435339 0.423989 
1.604235 1.359238 1.680178 1.435339 0.423989 
1.604235 1.359238 1.680178 1.435339 0.423989 
1.604235 1.359238 1.680178 1.435339 0.423989 
1.604235 1.359238 1.680178 1.435339 0.423989 
1.604235 1.359238 1.680178 1.435339 0.423989 
1.604235 1.359238 1.680178 1.435339 0.423989 
1.604235 1.359238 1.680178 1.435339 0.423989 
1.604235 1.359238 1.680178 1.435339 0.423989 
1.604235 1.359238 1.680178 1.435339 0.423989 
1.604235 1.359238 1.680178 1.435339 0.423989 
1.604235 1.359238 1.680178 1.435339 0.423989 
1.604235 1.359238 1.680178 1.435339 0.423989 
1.604235 1.359238 1.680178 1.435339 0.423989 
1.604235 1.359238 1.680178 1.435339 0.423989 
1.604235 1.359238 1.680178 1.435339 0.423989 
1.604235 1.359238 1.680178 1.435339 0.423989 
1.604235 1.359238 1.680178 1.435339 0.423989 
1.604235 1.359238 1.680178 1.435339 0.423989 
1.604235 1.359238 1.680178 1.435339 0.423989 
1.604235 1.359238 1.680178 1.435339 0.423989 
1.604235 1.359238 1.680178 1.435339 0.423989 
1.604235 1.359238 1.680178 1.435339 0.423989 
1.604235 1.359238 1.680178 1.435339 0.423989 
1.604235 1.359238 1.680178 1.435339 0.423989 
1.604235 1.359238 1.680178 1.435339 0.423989 
1.604235 1.359238 1.680178 1.435339 0.423989 
1.604235 1.359238 1.680178 1.435339 0.423989 
1.604235 1.359238 1.680178 1.435339 0.423989 
1.604235 1.359238 1.680178 1.435339 0.423989 
1.604235 1.359238 1.680178 1.435339 0.423989 
1.604235 1.359238 1.680178 1.435339 0.423989 
1.604235 1.359238 1.680178 1.435339 0.423989 
1.604235 1.359238 1.680178 1.435339 0.423989 
1.604235 1.359238 1.680178 1.435339 0.423989 
1.604235 1.359238 1.680178 1.435339 0.423989 
1.604235 1.359238 1.680178 1.435339 0.423989 
1.604235 1.359238 1.680178 1.435339 0.423989 
1.604235 1.359238 1.680178 1.435339 0.423989 
1.604235 1.359238 1.680178 1.435339 0.423989 
1.604235 1.359238 1.680178 1.435339 0.423989 
1.604235 1.359238 1.680178 1.435339 0.423989 
1.604235 1.359238 1.680178 1.435339 0.423989 
1.604235 1.359238 1.680178 1.435339 0.423989 
1.604235 1.359238 1.680178 1.435339 0.423989 
1.604235 1.359238 1.680178 1.435339 0.423989 
1.604235 1.359238 1.680178 1.435339 0.423989 
1.604235 1.359238 1.680178 1.435339 0.423989 
1.604235 1.359238 1.680178 1.435339 0.423989 
1.604235 1.359238 1.680178 1.435339 0.423989 
1.604235 1.359238 1.680178 1.435339 0.423989 
1.604235 1.359238 1.680178 1.435339 0.423989 
1.604235 1.359238 1.680178 1.435339 0.423989 
1.604235 1.359238 1.680178 1.435339 0.423989 
1.604235 1.359238 1.680178 1.435339 0.423989 
1.604235 1.359238 1.680178 1.435339 0.423989 
1.604235 1.359238 1.680178 1.435339 0.423989 
1.604235 1.359238 1.680178 1.435339 0.423989 
1.604235 1.359238 1.680178 1.435339 0.423989 
1.604235 1.359238 1.680178 1.435339 0.423989 
1.604235 1.359238 1.680178 1.435339 0.423989 
1.604235 1.359238 1.680178 1.435339 0.423989 
1.604235 1.359238 1.680178 1.435339 0.423989 
1.604235 1.359238 1.680178 1.435339 0.423989 
1.604235 1.359238 1.680178 1.435339 0.423989 
1.604235 1.359238 1.680178 1.435339 0.423989 
1.604235 1.359238 1.680178 1.435339 0.423989 
1.604235 1.359238 1.680178 1.435339 0.423989 
1.604235 1.359238 1.680178 1.435339 0.423989 
1.604235 1.359238 1.680178 1.435339 0.423989 
1.604235 1.359238 1.680178 1.435339 0.423989 
1.604235 1.359238 1.680178 1.435339 0.423989 
1.604235 1.359238 1.680178 1.435339 0.423989 
1.604235 1.359238 1.680178 1.435339 0.423989 
1.604235 1.359238 1.680178 1.435339 0.423989 
1.604235 1.359238 1.680178 1.435339 0.423989 
1.604235 1.359238 1.680178 1.435339 0.423989 
1.604235 1.359238 1.680178 1.435339 0.423989 
1.604235 1.359238 1.680178 1.435339 0.423989 
1.604235 1.359238 1.680178 1.435339 0.423989 
1.604235 1.359238 1.680178 1.435339 0.423989 
1.604235 1.359238 1.680178 1.435339 0.423989 
1.604235 1.359238 1.680178 1.435339 0.423989 
1.604235 1.359238 1.680178 1.435339 0.423989 
1.604235 1.359238 1.680178 1.435339 0.423989 
1.604235 1.359238 1.680178 1.435339 0.423989 
1.604235 1.359238 1.680178 1.435339 0.423989 
1.604235 1.359238 1.680178 1.435339 0.423989 
1.604235 1.359238 1.680178 1.435339 0.423989 
1.604235 1.359238 1.680178 1.435339 0.423989 
1.604235 1.359238 1.680178 1.435339 0.423989 
1.604235 1.359238 1.680178 1.435339 0.423989 
1.604235 1.359238 1.680178 1.435339 0.423989 
1.604235 1.359238 1.680178 1.435339 0.423989 
1.604235 1.359238 1.680178 1.435339 0.423989 
1.604235 1.359238 1.680178 1.435339 0.423989 
1.604235 1.359238 1.680178 1.435339 0.423989 
1.604235 1.359238 1.680178 1.435339 0.423989 
1.604235 1.359238 1.680178 1.435339 0.423989 
1.604235 1.359238 1.680178 1.435339 0.423989 
1.604235 1.359238 1.680178 1.435339 0.423989 
1.604235 1.359238 1.680178 1.435339 0.423989 
1.604235 1.359238 1.680178 1.435339 0.423989 
1.604235 1.359238 1.680178 1.435339 0.423989 
1.604235 1.359238 1.680178 1.435339 0.423989 
1.604235 1.359238 1.680178 1.435339 0.423989 
1.604235 1.359238 1.680178 1.435339 0.423989 
1.604235 1.359238 1.680178 1.435339 0.423989 
1.604235 1.359238 1.680178 1.435339 0.423989 
1.604235 1.359238 1.680178 1.435339 0.423989 
1.604235 1.359238 1.680178 1.435339 0.423989 
1.604235 1.359238 1.680178 1.435339 0.423989 
1.604235 1.359238 1.680178 1.435339 0.423989 
1.604235 1.359238 1.680178 1.435339 0.423989 
1.604235 1.359238 1.680178 1.435339 0.423989 
1.604235 1.359238 1.680178 1.435339 0.423989 
1.604235 1.359238 1.680178 1.435339 0.423989 
1.604235 1.359238 1.680178 1.435339 0.423989 
1.604235 1.359238 1.680178 1.435339 0.423989 
1.604235 1.359238 1.680178 1.435339 0.423989 
1.604235 1.359238 1.680178 1.435339 0.423989 
1.604235 1.359238 1.680178 1.435339 0.423989 
1.604235 1.359238 1.680178 1.435339 0.423989 
1.604235 1.359238 1.680178 1.435339 0.423989 
1.604235 1.359238 1.680178 1.435339 0.423989 
1.604235 1.359238 1.680178 1.435339 0.423989 
1.604235 1.359238 1.680178 1.435339 0.423989 
1.604235 1.359238 1.680178 1.435339 0.423989 
1.604235 1.359238 1.680178 1.435339 0.423989 
1.604235 1.359238 1.680178 1.435339 0.423989 
1.604235 1.359238 1.680178 1.435339 0.423989 
1.604235 1.359238 1.680178 1.435339 0.423989 
1.604235 1.359238 1.680178 1.435339 0.423989 
1.604235 1.359238 1.680178 1.435339 0.423989 
1.604235 1.359238 1.680178 1.435339 0.423989 
1.604235 1.359238 1.680178 1.435339 0.423989 
1.604235 1.359238 1.680178 1.435339 0.423989 
1.604235 1.359238 1.680178 1.435339 0.423989 
1.604235 1.359238 1.680178 1.435339 0.423989 
1.604235 1.359238 1.680178 1.435339 0.423989 
1.604235 1.359238 1.680178 1.435339 0.423989 
1.604235 1.359238 1.680178 1.435339 0.423989 
1.604235 1.359238 1.680178 1.435339 0.423989 
1.604235 1.359238 1.680178 1.435339 0.423989 
1.604235 1.359238 1.680178 1.435339 0.423989 
1.604235 1.359238 1.680178 1.435339 0.423989 
1.604235 1.359238 1.680178 1.435339 0.423989 
1.604235 1.359238 1.680178 1.435339 0.423989 
1.604235 1.359238 1.680178 1.435339 0.423989 
1.604235 1.359238 1.680178 1.435339 0.423989 
1.604235 1.359238 1.680178 1.435339 0.423989 
1.604235 1.359238 1.680178 1.435339 0.423989 
1.604235 1.359238 1.680178 1.435339 0.423989 
1.604235 1.359238 1.680178 1.435339 0.423989 
1.604235 1.359238 1.680178 1.435339 0.423989 
1.604235 1.359238 1.680178 1.435339 0.423989 
1.604235 1.359238 1.680178 1.435339 0.423989 
1.604235 1.359238 1.680178 1.435339 0.423989 
1.604235 1.359238 1.680178 1.435339 0.423989 
1.604235 1.359238 1.680178 1.435339 0.423989 
1.604235 1.359238 1.680178 1.435339 0.423989 
1.604235 1.359238 1.680178 1.435339 0.423989 
1.604235 1.359238 1.680178 1.435339 0.423989 
1.604235 1.359238 1.680178 1.435339 0.423989 
1.604235 1.359238 1.680178 1.435339 0.423989 
1.604235 1.359238 1.680178 1.435339 0.423989 
1.604235 1.359238 1.680178 1.435339 0.423989 
1.604235 1.359238 1.680178 1.435339 0.423989 
1.604235 1.359238 1.680178 1.435339 0.423989 
1.604235 1.359238 1.680178 1.435339 0.423989 
1.604235 1.359238 1.680178 1.435339 0.423989 
1.604235 1.359238 1.680178 1.435339 0.423989 
1.604235 1.359238 1.680178 1.435339 0.423989 
1.604235 1.359238 1.680178 1.435339 0.423989 
1.604235 1.359238 1.680178 1.435339 0.423989 
1.604235 1.359238 1.680178 1.435339 0.423989 
1.604235 1.359238 1.680178 1.435339 0.423989 
1.604235 1.359238 1.680178 1.435339 0.423989 
1.604235 1.359238 1.680178 1.435339 0.423989 
1.604235 1.359238 1.680178 1.435339 0.423989 
1.604235 1.359238 1.680178 1.435339 0.423989 
1.604235 1.359238 1.680178 1.435339 0.423989 
1.604235 1.359238 1.680178 1.435339 0.423989 
1.604235 1.359238 1.680178 1.435339 0.423989 
1.604235 1.359238 1.680178 1.435339 0.423989 
1.604235 1.359238 1.680178 1.435339 0.423989 
1.604235 1.359238 1.680178 1.435339 0.423989 
1.604235 1.359238 1.680178 1.435339 0.423989 
1.604235 1.359238 1.680178 1.435339 0.423989 
1.604235 1.359238 1.680178 1.435339 0.423989 
1.604235 1.359238 1.680178 1.435339 0.423989 
1.604235 1.359238 1.680178 1.435339 0.423989 
1.604235 1.359238 1.680178 1.435339 0.423989 
1.604235 1.359238 1.680178 1.435339 0.423989 
1.604235 1.359238 1.680178 1.435339 0.423989 
1.604235 1.359238 1.680178 1.435339 0.423989 
1.604235 1.359238 1.680178 1.435339 0.423989 
1.604235 1.359238 1.680178 1.435339 0.423989 
1.604235 1.359238 1.680178 1.435339 0.423989 
1.604235 1.359238 1.680178 1.435339 0.423989 
1.604235 1.359238 1.680178 1.435339 0.423989 
1.604235 1.359238 1.680178 1.435339 0.423989 
1.604235 1.359238 1.680178 1.435339 0.423989 
1.604235 1.359238 1.680178 1.435339 0.423989 
1.604235 1.359238 1.680178 1.435339 0.423989 
1.604235 1.359238 1.680178 1.435339 0.423989 
1.604235 1.359238 1.680178 1.435339 0.423989 
1.604235 1.359238 1.680178 1.435339 0.423989 
1.604235 1.359238 1.680178 1.435339 0.423989 
1.604235 1.359238 1.680178 1.435339 0.423989 
1.604235 1.359238 1.680178 1.435339 0.423989 
1.604235 1.359238 1.680178 1.435339 0.423989 
1.604235 1.359238 1.680178 1.435339 0.423989 
1.604235 1.359238 1.680178 1.435339 0.423989 
1.604235 1.359238 1.680178 1.435339 0.423989 
1.604235 1.359238 1.680178 1.435339 0.423989 
1.604235 1.359238 1.680178 1.435339 0.423989 
1.604235 1.359238 1.680178 1.435339 0.423989 
1.604235 1.359238 1.680178 1.435339 0.423989 
1.604235 1.359238 1.680178 1.435339 0.423989 
1.604235 1.359238 1.680178 1.435339 0.423989 
1.604235 1.359238 1.680178 1.435339 0.423989 
1.604235 1.359238 1.680178 1.435339 0.423989 
1.604235 1.359238 1.680178 1.435339 0.423989 
1.604235 1.359238 1.680178 1.435339 0.423989 
1.604235 1.359238 1.680178 1.435339 0.423989 
1.604235 1.359238 1.680178 1.435339 0.423989 
1.604235 1.359238 1.680178 1.435339 0.423989 
1.604235 1.359238 1.680178 1.435339 0.423989 
1.604235 1.359238 1.680178 1.435339 0.423989 
1.604235 1.359238 1.680178 1.435339 0.423989 
1.604235 1.359238 1.680178 1.435339 0.423989 
1.604235 1.359238 1.680178 1.435339 0.423989 
1.604235 1.359238 1.680178 1.435339 0.423989 
1.604235 1.359238 1.680178 1.435339 0.423989 
1.604235 1.359238 1.680178 1.435339 0.423989 
1.604235 1.359238 1.680178 1.435339 0.423989 
1.604235 1.359238 1.680178 1.435339 0.423989 
1.604235 1.359238 1.680178 1.435339 0.423989 
1.604235 1.359238 1.680178 1.435339 0.423989 
1.604235 1.359238 1.680178 1.435339 0.423989 
1.604235 1.359238 1.680178 1.435339 0.423989 
1.604235 1.359238 1.680178 1.435339 0.423989 
1.604235 1.359238 1.680178 1.435339 0.423989 
1.604235 1.359238 1.680178 1.435339 0.423989 
1.604235 1.359238 1.680178 1.435339 0.423989 
1.604235 1.359238 1.680178 1.435339 0.423989 
1.604235 1.359238 1.680178 1.435339 0.423989 
1.604235 1.359238 1.680178 1.435339 0.423989 
1.604235 1.359238 1.680178 1.435339 0.423989 
1.604235 1.359238 1.680178 1.435339 0.423989 
1.604235 1.359238 1.680178 1.435339 0.423989 
1.604235 1.359238 1.680178 1.435339 0.423989 
1.604235 1.359238 1.680178 1.435339 0.423989 
1.604235 1.359238 1.680178 1.435339 0.423989 
1.604235 1.359238 1.680178 1.435339 0.423989 
1.604235 1.359238 1.680178 1.435339 0.423989 
1.604235 1.359238 1.680178 1.435339 0.423989 
1.604235 1.359238 1.680178 1.435339 0.423989 
1.604235 1.359238 1.680178 1.435339 0.423989 
1.604235 1.359238 1.680178 1.435339 0.423989 
1.604235 1.359238 1.680178 1.435339 0.423989 
1.604235 1.359238 1.680178 1.435339 0.423989 
1.604235 1.359238 1.680178 1.435339 0.423989 
1.604235 1.359238 1.680178 1.435339 0.423989 
1.604235 1.359238 1.680178 1.435339 0.423989 
1.604235 1.359238 1.680178 1.435339 0.423989 
1.604235 1.359238 1.680178 1.435339 0.423989 
1.604235 1.359238 1.680178 1.435339 0.423989 
1.604235 1.359238 1.680178 1.435339 0.423989 
1.604235 1.359238 1.680178 1.435339 0.423989 
1.604235 1.359238 1.680178 1.435339 0.423989 
1.604235 1.359238 1.680178 1.435339 0.423989 
1.604235 1.359238 1.680178 1.435339 0.423989 
1.604235 1.359238 1.680178 1.435339 0.423989 
1.604235 1.359238 1.680178 1.435339 0.423989 
1.604235 1.359238 1.680178 1.435339 0.423989 
1.604235 1.359238 1.680178 1.435339 0.423989 
1.604235 1.359238 1.680178 1.435339 0.423989 
1.604235 1.359238 1.680178 1.435339 0.423989 
1.604235 1.359238 1.680178 1.435339 0.423989 
1.604235 1.359238 1.680178 1.435339 0.423989 
1.604235 1.359238 1.680178 1.435339 0.423989 
1.604235 1.359238 1.680178 1.435339 0.423989 
1.604235 1.359238 1.680178 1.435339 0.423989 
1.604235 1.359238 1.680178 1.435339 0.423989 
1.604235 1.359238 1.680178 1.435339 0.423989 
1.604235 1.359238 1.680178 1.435339 0.423989 
1.604235 1.359238 1.680178 1.435339 0.423989 
1.604235 1.359238 1.680178 1.435339 0.423989 
1.604235 1.359238 1.680178 1.435339 0.423989 
1.604235 1.359238 1.680178 1.435339 0.423989 
1.604235 1.359238 1.680178 1.435339 0.423989 
1.604235 1.359238 1.680178 1.435339 0.423989 
1.604235 1.359238 1.680178 1.435339 0.423989 
1.604235 1.359238 1.680178 1.435339 0.423989 
1.604235 1.359238 1.680178 1.435339 0.423989 
1.604235 1.359238 1.680178 1.435339 0.423989 
1.604235 1.359238 1.680178 1.435339 0.423989 
1.604235 1.359238 1.680178 1.435339 0.423989 
1.604235 1.359238 1.680178 1.435339 0.423989 
1.604235 1.359238 1.680178 1.435339 0.423989 
1.604235 1.359238 1.680178 1.435339 0.423989 
1.604235 1.359238 1.680178 1.435339 0.423989 
1.604235 1.359238 1.680178 1.435339 0.423989 
1.604235 1.359238 1.680178 1.435339 0.423989 
1.604235 1.359238 1.680178 1.435339 0.423989 
1.604235 1.359238 1.680178 1.435339 0.423989 
1.604235 1.359238 1.680178 1.435339 0.423989 
1.604235 1.359238 1.680178 1.435339 0.423989 
1.604235 1.359238 1.680178 1.435339 0.423989 
1.604235 1.359238 1.680178 1.435339 0.423989 
1.604235 1.359238 1.680178 1.435339 0.423989 
1.604235 1.359238 1.680178 1.435339 0.423989 
1.604235 1.359238 1.680178 1.435339 0.423989 
1.604235 1.359238 1.680178 1.435339 0.423989 
1.604235 1.359238 1.680178 1.435339 0.423989 
1.604235 1.359238 1.680178 1.435339 0.423989 
1.604235 1.359238 1.680178 1.435339 0.423989 
1.604235 1.359238 1.680178 1.435339 0.423989 
1.604235 1.359238 1.680178 1.435339 0.423989 
1.604235 1.359238 1.680178 1.435339 0.423989 
1.604235 1.359238 1.680178 1.435339 0.423989 
1.604235 1.359238 1.680178 1.435339 0.423989 
1.604235 1.359238 1.680178 1.435339 0.423989 
1.604235 1.359238 1.680178 1.435339 0.423989 
1.604235 1.359238 1.680178 1.435339 0.423989 
1.604235 1.359238 1.680178 1.435339 0.423989 
1.604235 1.359238 1.680178 1.435339 0.423989 
1.604235 1.359238 1.680178 1.435339 0.423989 
1.604235 1.359238 1.680178 1.435339 0.423989 
1.604235 1.359238 1.680178 1.435339 0.423989 
1.604235 1.359238 1.680178 1.435339 0.423989 
1.604235 1.359238 1.680178 1.435339 0.423989 
1.604235 1.359238 1.680178 1.435339 0.423989 
1.604235 1.359238 1.680178 1.435339 0.423989 
1.604235 1.359238 1.680178 1.435339 0.423989 
1.604235 1.359238 1.680178 1.435339 0.423989 
1.604235 1.359238 1.680178 1.435339 0.423989 
1.604235 1.359238 1.680178 1.435339 0.423989 
1.604235 1.359238 1.680178 1.435339 0.423989 
1.604235 1.359238 1.680178 1.435339 0.423989 
1.604235 1.359238 1.680178 1.435339 0.423989 
1.604235 1.359238 1.680178 1.435339 0.423989 
1.604235 1.359238 1.680178 1.435339 0.423989 
1.604235 1.359238 1.680178 1.435339 0.423989 
1.604235 1.359238 1.680178 1.435339 0.423989 
1.604235 1.359238 1.680178 1.435339 0.423989 
1.604235 1.359238 1.680178 1.435339 0.423989 
1.604235 1.359238 1.680178 1.435339 0.423989 
1.604235 1.359238 1.680178 1.435339 0.423989 
1.604235 1.359238 1.680178 1.435339 0.423989 
1.604235 1.359238 1.680178 1.435339 0.423989 
1.604235 1.359238 1.680178 1.435339 0.423989 
1.604235 1.359238 1.680178 1.435339 0.423989 
1.604235 1.359238 1.680178 1.435339 0.423989 
1.604235 1.359238 1.680178 1.435339 0.423989 
1.604235 1.359238 1.680178 1.435339 0.423989 
1.604235 1.359238 1.680178 1.435339 0.423989 
1.604235 1.359238 1.680178 1.435339 0.423989 
1.604235 1.359238 1.680178 1.435339 0.423989 
1.604235 1.359238 1.680178 1.435339 0.423989 
1.604235 1.359238 1.680178 1.435339 0.423989 
1.604235 1.359238 1.680178 1.435339 0.423989 
1.604235 1.359238 1.680178 1.435339 0.423989 
1.604235 1.359238 1.680178 1.435339 0.423989 
1.604235 1.359238 1.680178 1.435339 0.423989 
1.604235 1.359238 1.680178 1.435339 0.423989 
1.604235 1.359238 1.680178 1.435339 0.423989 
1.604235 1.359238 1.680178 1.435339 0.423989 
1.604235 1.359238 1.680178 1.435339 0.423989 
1.604235 1.359238 1.680178 1.435339 0.423989 
1.604235 1.359238 1.680178 1.435339 0.423989 
1.604235 1.359238 1.680178 1.435339 0.423989 
1.604235 1.359238 1.680178 1.435339 0.423989 
1.604235 1.359238 1.680178 1.435339 0.423989 
1.604235 1.359238 1.680178 1.435339 0.423989 
1.604235 1.359238 1.680178 1.435339 0.423989 
1.604235 1.359238 1.680178 1.435339 0.423989 
1.604235 1.359238 1.680178 1.435339 0.423989 
1.604235 1.359238 1.680178 1.435339 0.423989 
1.604235 1.359238 1.680178 1.435339 0.423989 
1.604235 1.359238 1.680178 1.435339 0.423989 
1.604235 1.359238 1.680178 1.435339 0.423989 
1.604235 1.359238 1.680178 1.435339 0.423989 
1.604235 1.359238 1.680178 1.435339 0.423989 
1.604235 1.359238 1.680178 1.435339 0.423989 
1.604235 1.359238 1.680178 1.435339 0.423989 
1.604235 1.359238 1.680178 1.435339 0.423989 
1.604235 1.359238 1.680178 1.435339 0.423989 
1.604235 1.359238 1.680178 1.435339 0.423989 
1.604235 1.359238 1.680178 1.435339 0.423989 
1.604235 1.359238 1.680178 1.435339 0.423989 
1.604235 1.359238 1.680178 1.435339 0.423989 
1.604235 1.359238 1.680178 1.435339 0.423989 
1.604235 1.359238 1.680178 1.435339 0.423989 
1.604235 1.359238 1.680178 1.435339 0.423989 
1.604235 1.359238 1.680178 1.435339 0.423989 
1.604235 1.359238 1.680178 1.435339 0.423989 
1.604235 1.359238 1.680178 1.435339 0.423989 
1.604235 1.359238 1.680178 1.435339 0.423989 
1.604235 1.359238 1.680178 1.435339 0.423989 
1.604235 1.359238 1.680178 1.435339 0.423989 
1.604235 1.359238 1.680178 1.435339 0.423989 
1.604235 1.359238 1.680178 1.435339 0.423989 
1.604235 1.359238 1.680178 1.435339 0.423989 
1.604235 1.359238 1.680178 1.435339 0.423989 
1.604235 1.359238 1.680178 1.435339 0.423989 
1.604235 1.359238 1.680178 1.435339 0.423989 
1.604235 1.359238 1.680178 1.435339 0.423989 
1.604235 1.359238 1.680178 1.435339 0.423989 
1.604235 1.359238 1.680178 1.435339 0.423989 
1.604235 1.359238 1.680178 1.435339 0.423989 
1.604235 1.359238 1.680178 1.435339 0.423989 
1.604235 1.359238 1.680178 1.435339 0.423989 
1.604235 1.359238 1.680178 1.435339 0.423989 
1.604235 1.359238 1.680178 1.435339 0.423989 
1.604235 1.359238 1.680178 1.435339 0.423989 
1.604235 1.359238 1.680178 1.435339 0.423989 
1.604235 1.359238 1.680178 1.435339 0.423989 
1.604235 1.359238 1.680178 1.435339 0.423989 
1.604235 1.359238 1.680178 1.435339 0.423989 
1.604235 1.359238 1.680178 1.435339 0.423989 
1.604235 1.359238 1.680178 1.435339 0.423989 
1.604235 1.359238 1.680178 1.435339 0.423989 
1.604235 1.359238 1.680178 1.435339 0.423989 
1.604235 1.359238 1.680178 1.435339 0.423989 
1.604235 1.359238 1.680178 1.435339 0.423989 
1.604235 1.359238 1.680178 1.435339 0.423989 
1.604235 1.359238 1.680178 1.435339 0.423989 
1.604235 1.359238 1.680178 1.435339 0.423989 
1.604235 1.359238 1.680178 1.435339 0.423989 
1.604235 1.359238 1.680178 1.435339 0.423989 
1.604235 1.359238 1.680178 1.435339 0.423989 
1.604235 1.359238 1.680178 1.435339 0.423989 
1.604235 1.359238 1.680178 1.435339 0.423989 
1.604235 1.359238 1.680178 1.435339 0.423989 
1.604235 1.359238 1.680178 1.435339 0.423989 
1.604235 1.359238 1.680178 1.435339 0.423989 
1.604235 1.359238 1.680178 1.435339 0.423989 
1.604235 1.359238 1.680178 1.435339 0.423989 
1.604235 1.359238 1.680178 1.435339 0.423989 
1.604235 1.359238 1.680178 1.435339 0.423989 
1.604235 1.359238 1.680178 1.435339 0.423989 
1.604235 1.359238 1.680178 1.435339 0.423989 
1.604235 1.359238 1.680178 1.435339 0.423989 
1.604235 1.359238 1.680178 1.435339 0.423989 
1.604235 1.359238 1.680178 1.435339 0.423989 
1.604235 1.359238 1.680178 1.435339 0.423989 
1.604235 1.359238 1.680178 1.435339 0.423989 
1.604235 1.359238 1.680178 1.435339 0.423989 
1.604235 1.359238 1.680178 1.435339 0.423989 
1.604235 1.359238 1.680178 1.435339 0.423989 
1.604235 1.359238 1.680178 1.435339 0.423989 
1.604235 1.359238 1.680178 1.435339 0.423989 
1.604235 1.359238 1.680178 1.435339 0.423989 
1.604235 1.359238 1.680178 1.435339 0.423989 
1.604235 1.359238 1.680178 1.435339 0.423989 
1.604235 1.359238 1.680178 1.435339 0.423989 
1.604235 1.359238 1.680178 1.435339 0.423989 
1.604235 1.359238 1.680178 1.435339 0.423989 
1.604235 1.359238 1.680178 1.435339 0.423989 
1.604235 1.000000 1.000000 1.290994 0.000000 
2.604235 1.000000 1.000000 1.290994 0.000000 
